Metric: | MAE	| NMAE	| RMSE	| MRE	| NPRE	| NDCG1	| NDCG5	| NDCG10	| NDCG20	| NDCG50	| NDCG100	
Avg:	0.4758	0.5241	1.2700	0.3986	2.3443	0.6690	0.6821	0.7012	0.7334	0.7722	0.7692
Std:	0.0020	0.0022	0.0050	0.0040	0.0307	0.0085	0.0041	0.0043	0.0034	0.0019	0.0012

==========================================
Detailed results for 8 rounds:
0.4774	0.5257	1.2699	0.3999	2.3673	0.6602	0.6806	0.7024	0.7337	0.7709	0.7688
0.4788	0.5273	1.2751	0.3972	2.3454	0.6593	0.6796	0.6976	0.7310	0.7702	0.7693
0.4749	0.5235	1.2640	0.4025	2.3978	0.6598	0.6773	0.6960	0.7298	0.7696	0.7671
0.4776	0.5267	1.2674	0.4050	2.3596	0.6827	0.6908	0.7087	0.7377	0.7752	0.7698
0.4725	0.5208	1.2621	0.3971	2.3461	0.6694	0.6781	0.6968	0.7304	0.7718	0.7681
0.4750	0.5226	1.2739	0.3982	2.3342	0.6792	0.6849	0.7032	0.7364	0.7733	0.7702
0.4768	0.5246	1.2776	0.3985	2.3128	0.6742	0.6815	0.6989	0.7300	0.7722	0.7693
0.4737	0.5216	1.2701	0.3905	2.2911	0.6671	0.6842	0.7061	0.7385	0.7743	0.7713
