Metric: | MAE	| NMAE	| RMSE	| MRE	| NPRE	| NDCG1	| NDCG5	| NDCG10	| NDCG20	| NDCG50	| NDCG100	
Avg:	0.4309	0.4744	1.1614	0.3763	2.1599	0.6838	0.7004	0.7224	0.7578	0.8018	0.7988
Std:	0.0014	0.0015	0.0034	0.0023	0.0290	0.0157	0.0058	0.0049	0.0035	0.0023	0.0019

==========================================
Detailed results for 8 rounds:
0.4319	0.4755	1.1586	0.3776	2.1920	0.7033	0.7089	0.7299	0.7635	0.8067	0.8019
0.4313	0.4753	1.1590	0.3798	2.1702	0.7013	0.7090	0.7278	0.7605	0.8029	0.8005
0.4317	0.4758	1.1613	0.3776	2.2054	0.6858	0.6952	0.7191	0.7554	0.8002	0.7977
0.4302	0.4746	1.1576	0.3782	2.1508	0.6582	0.6933	0.7158	0.7533	0.7984	0.7980
0.4281	0.4713	1.1611	0.3734	2.1496	0.6616	0.6958	0.7177	0.7537	0.8001	0.7963
0.4330	0.4760	1.1693	0.3764	2.1709	0.6949	0.6974	0.7195	0.7562	0.8015	0.7969
0.4297	0.4730	1.1610	0.3750	2.1148	0.6828	0.7044	0.7268	0.7604	0.8027	0.8006
0.4310	0.4740	1.1630	0.3725	2.1254	0.6825	0.6989	0.7229	0.7598	0.8018	0.7990
