Metric: | MAE	| NMAE	| RMSE	| MRE	| NPRE	| NDCG1	| NDCG5	| NDCG10	| NDCG20	| NDCG50	| NDCG100	
Avg:	0.4379	0.4822	1.1874	0.3726	2.1812	0.6760	0.6963	0.7165	0.7497	0.7912	0.7882
Std:	0.0013	0.0013	0.0038	0.0023	0.0247	0.0070	0.0029	0.0026	0.0015	0.0014	0.0011

==========================================
Detailed results for 8 rounds:
0.4389	0.4832	1.1875	0.3732	2.1974	0.6762	0.6981	0.7162	0.7504	0.7921	0.7884
0.4396	0.4844	1.1869	0.3761	2.1934	0.6786	0.7009	0.7204	0.7505	0.7909	0.7883
0.4385	0.4833	1.1872	0.3736	2.2218	0.6833	0.6933	0.7125	0.7469	0.7880	0.7868
0.4349	0.4799	1.1783	0.3713	2.1564	0.6759	0.6981	0.7183	0.7498	0.7929	0.7907
0.4373	0.4816	1.1872	0.3728	2.1902	0.6668	0.6923	0.7126	0.7482	0.7916	0.7871
0.4381	0.4819	1.1898	0.3743	2.1916	0.6849	0.6982	0.7182	0.7525	0.7922	0.7884
0.4375	0.4813	1.1920	0.3719	2.1489	0.6786	0.6964	0.7180	0.7496	0.7907	0.7884
0.4381	0.4822	1.1899	0.3679	2.1502	0.6635	0.6932	0.7155	0.7495	0.7915	0.7878
