Metric: | MAE	| NMAE	| RMSE	| MRE	| NPRE	| NDCG1	| NDCG5	| NDCG10	| NDCG20	| NDCG50	| NDCG100	
Avg:	0.4273	0.4706	1.1793	0.3576	2.1260	0.6769	0.6933	0.7119	0.7435	0.7845	0.7834
Std:	0.0014	0.0014	0.0034	0.0020	0.0276	0.0099	0.0036	0.0028	0.0022	0.0012	0.0008

==========================================
Detailed results for 8 rounds:
0.4287	0.4719	1.1791	0.3599	2.1604	0.6739	0.6943	0.7144	0.7454	0.7861	0.7831
0.4263	0.4698	1.1763	0.3568	2.1099	0.6760	0.6994	0.7162	0.7469	0.7847	0.7840
0.4291	0.4729	1.1784	0.3603	2.1755	0.6892	0.6881	0.7069	0.7406	0.7817	0.7831
0.4251	0.4691	1.1735	0.3580	2.1046	0.6821	0.6939	0.7133	0.7448	0.7856	0.7850
0.4257	0.4689	1.1777	0.3568	2.1357	0.6715	0.6884	0.7088	0.7406	0.7852	0.7825
0.4278	0.4706	1.1838	0.3592	2.1275	0.6866	0.6932	0.7108	0.7441	0.7841	0.7831
0.4269	0.4696	1.1839	0.3547	2.0985	0.6806	0.6967	0.7133	0.7437	0.7841	0.7840
0.4287	0.4718	1.1819	0.3551	2.0962	0.6556	0.6924	0.7111	0.7417	0.7841	0.7827
