Metric: | MAE	| NMAE	| RMSE	| MRE	| NPRE	| NDCG1	| NDCG5	| NDCG10	| NDCG20	| NDCG50	| NDCG100	
Avg:	0.4619	0.5087	1.2522	0.3824	2.2678	0.6714	0.6817	0.7004	0.7316	0.7715	0.7706
Std:	0.0014	0.0016	0.0042	0.0036	0.0242	0.0065	0.0045	0.0036	0.0034	0.0021	0.0009

==========================================
Detailed results for 8 rounds:
0.4626	0.5094	1.2503	0.3833	2.2808	0.6702	0.6911	0.7064	0.7357	0.7736	0.7721
0.4632	0.5101	1.2531	0.3811	2.2569	0.6796	0.6791	0.6988	0.7269	0.7689	0.7714
0.4609	0.5081	1.2479	0.3837	2.3016	0.6659	0.6776	0.6973	0.7296	0.7678	0.7689
0.4638	0.5115	1.2503	0.3904	2.3023	0.6782	0.6853	0.7047	0.7356	0.7733	0.7701
0.4590	0.5059	1.2458	0.3801	2.2691	0.6579	0.6784	0.6965	0.7298	0.7729	0.7702
0.4619	0.5082	1.2584	0.3825	2.2564	0.6719	0.6842	0.7020	0.7345	0.7730	0.7711
0.4616	0.5079	1.2574	0.3808	2.2299	0.6747	0.6775	0.6958	0.7273	0.7702	0.7700
0.4621	0.5088	1.2544	0.3775	2.2458	0.6731	0.6807	0.7016	0.7335	0.7725	0.7707
