Metric: | MAE	| NMAE	| RMSE	| MRE	| NPRE	| NDCG1	| NDCG5	| NDCG10	| NDCG20	| NDCG50	| NDCG100	
Avg:	0.4535	0.4995	1.2449	0.3722	2.2307	0.6633	0.6737	0.6922	0.7238	0.7653	0.7673
Std:	0.0011	0.0011	0.0046	0.0025	0.0217	0.0141	0.0068	0.0044	0.0026	0.0020	0.0013

==========================================
Detailed results for 8 rounds:
0.4548	0.5008	1.2445	0.3728	2.2487	0.6486	0.6730	0.6915	0.7250	0.7642	0.7666
0.4540	0.5000	1.2457	0.3701	2.2182	0.6727	0.6779	0.6937	0.7219	0.7639	0.7691
0.4533	0.4997	1.2397	0.3731	2.2681	0.6612	0.6686	0.6904	0.7218	0.7629	0.7670
0.4535	0.5002	1.2407	0.3775	2.2350	0.6896	0.6870	0.7010	0.7292	0.7697	0.7692
0.4508	0.4969	1.2392	0.3693	2.2396	0.6481	0.6634	0.6853	0.7207	0.7656	0.7655
0.4541	0.4996	1.2534	0.3736	2.2335	0.6586	0.6685	0.6882	0.7227	0.7636	0.7657
0.4532	0.4986	1.2488	0.3717	2.1966	0.6768	0.6773	0.6935	0.7232	0.7665	0.7677
0.4541	0.5000	1.2467	0.3697	2.2059	0.6511	0.6737	0.6941	0.7257	0.7662	0.7672
