Metric: | MAE	| NMAE	| RMSE	| MRE	| NPRE	| NDCG1	| NDCG5	| NDCG10	| NDCG20	| NDCG50	| NDCG100	
Avg:	0.5039	0.5558	1.3639	0.4052	2.3839	0.6298	0.6417	0.6616	0.6937	0.7380	0.7416
Std:	0.0018	0.0022	0.0052	0.0014	0.0378	0.0224	0.0056	0.0047	0.0037	0.0028	0.0027

==========================================
Detailed results for 8 rounds:
0.5073	0.5593	1.3725	0.4071	2.3738	0.6282	0.6407	0.6598	0.6905	0.7339	0.7414
0.5047	0.5566	1.3608	0.4053	2.4197	0.5785	0.6331	0.6560	0.6935	0.7384	0.7410
0.5042	0.5565	1.3557	0.4049	2.4585	0.6179	0.6336	0.6536	0.6880	0.7359	0.7403
0.5050	0.5575	1.3699	0.4072	2.3820	0.6431	0.6426	0.6618	0.6926	0.7365	0.7370
0.5034	0.5554	1.3590	0.4027	2.3908	0.6520	0.6458	0.6650	0.6929	0.7366	0.7414
0.5011	0.5521	1.3662	0.4038	2.3308	0.6455	0.6489	0.6683	0.7007	0.7408	0.7445
0.5019	0.5530	1.3624	0.4054	2.3463	0.6475	0.6482	0.6662	0.6977	0.7436	0.7465
0.5036	0.5557	1.3648	0.4050	2.3693	0.6254	0.6406	0.6618	0.6941	0.7381	0.7404
