Metric: | MAE	| NMAE	| RMSE	| MRE	| NPRE	| NDCG1	| NDCG5	| NDCG10	| NDCG20	| NDCG50	| NDCG100	
Avg:	0.4130	0.4547	1.1432	0.3489	2.0406	0.6871	0.7036	0.7238	0.7566	0.7972	0.7950
Std:	0.0015	0.0015	0.0033	0.0026	0.0307	0.0120	0.0072	0.0052	0.0041	0.0023	0.0019

==========================================
Detailed results for 8 rounds:
0.4153	0.4572	1.1404	0.3523	2.0824	0.6767	0.7060	0.7266	0.7597	0.8006	0.7969
0.4127	0.4547	1.1421	0.3468	2.0348	0.7072	0.7129	0.7315	0.7614	0.7974	0.7960
0.4133	0.4556	1.1419	0.3493	2.0793	0.6804	0.6994	0.7202	0.7528	0.7945	0.7934
0.4109	0.4533	1.1389	0.3504	2.0206	0.6777	0.7018	0.7214	0.7544	0.7947	0.7952
0.4134	0.4551	1.1429	0.3522	2.0585	0.6802	0.6991	0.7183	0.7519	0.7970	0.7930
0.4145	0.4556	1.1507	0.3495	2.0434	0.6803	0.6909	0.7167	0.7518	0.7947	0.7918
0.4105	0.4519	1.1440	0.3450	1.9844	0.7073	0.7145	0.7310	0.7621	0.7997	0.7976
0.4130	0.4542	1.1447	0.3457	2.0211	0.6871	0.7043	0.7250	0.7587	0.7987	0.7960
