Metric: | MAE	| NMAE	| RMSE	| MRE	| NPRE	| NDCG1	| NDCG5	| NDCG10	| NDCG20	| NDCG50	| NDCG100	
Avg:	0.5051	0.5571	1.3688	0.4046	2.3742	0.6380	0.6459	0.6650	0.6970	0.7398	0.7422
Std:	0.0020	0.0024	0.0054	0.0018	0.0386	0.0199	0.0056	0.0046	0.0036	0.0032	0.0028

==========================================
Detailed results for 8 rounds:
0.5090	0.5612	1.3781	0.4076	2.3683	0.6429	0.6509	0.6695	0.6979	0.7367	0.7433
0.5058	0.5579	1.3652	0.4049	2.4182	0.5888	0.6377	0.6596	0.6969	0.7413	0.7423
0.5055	0.5580	1.3612	0.4042	2.4453	0.6292	0.6383	0.6574	0.6906	0.7374	0.7408
0.5067	0.5593	1.3756	0.4069	2.3757	0.6494	0.6447	0.6627	0.6937	0.7366	0.7364
0.5044	0.5565	1.3636	0.4020	2.3767	0.6477	0.6457	0.6638	0.6946	0.7370	0.7412
0.5020	0.5532	1.3708	0.4027	2.3187	0.6543	0.6505	0.6696	0.7027	0.7419	0.7445
0.5031	0.5543	1.3679	0.4047	2.3361	0.6494	0.6548	0.6703	0.7001	0.7459	0.7468
0.5045	0.5566	1.3681	0.4033	2.3546	0.6424	0.6449	0.6671	0.6994	0.7413	0.7422
