Metric: | MAE	| NMAE	| RMSE	| MRE	| NPRE	| NDCG1	| NDCG5	| NDCG10	| NDCG20	| NDCG50	| NDCG100	
Avg:	0.5074	0.5596	1.3622	0.4152	2.4318	0.6095	0.6308	0.6524	0.6855	0.7323	0.7381
Std:	0.0018	0.0022	0.0049	0.0017	0.0399	0.0240	0.0069	0.0056	0.0051	0.0030	0.0027

==========================================
Detailed results for 8 rounds:
0.5104	0.5627	1.3698	0.4175	2.4225	0.6274	0.6330	0.6524	0.6814	0.7295	0.7390
0.5095	0.5619	1.3601	0.4171	2.4859	0.5554	0.6187	0.6450	0.6843	0.7312	0.7361
0.5077	0.5604	1.3546	0.4142	2.5028	0.6061	0.6215	0.6434	0.6792	0.7315	0.7360
0.5078	0.5606	1.3670	0.4169	2.4179	0.6035	0.6339	0.6554	0.6887	0.7327	0.7353
0.5067	0.5590	1.3573	0.4128	2.4341	0.6275	0.6314	0.6506	0.6817	0.7289	0.7372
0.5050	0.5564	1.3652	0.4146	2.3820	0.6213	0.6357	0.6594	0.6934	0.7355	0.7403
0.5049	0.5563	1.3591	0.4133	2.3884	0.6366	0.6413	0.6596	0.6929	0.7385	0.7440
0.5073	0.5597	1.3647	0.4153	2.4211	0.5984	0.6312	0.6530	0.6826	0.7304	0.7370
