Metric: | MAE	| NMAE	| RMSE	| MRE	| NPRE	| NDCG1	| NDCG5	| NDCG10	| NDCG20	| NDCG50	| NDCG100	
Avg:	0.4123	0.4539	1.1435	0.3471	2.0462	0.6860	0.7023	0.7216	0.7543	0.7947	0.7929
Std:	0.0013	0.0012	0.0035	0.0021	0.0263	0.0125	0.0063	0.0047	0.0036	0.0022	0.0020

==========================================
Detailed results for 8 rounds:
0.4125	0.4541	1.1390	0.3469	2.0563	0.6726	0.7062	0.7251	0.7577	0.7989	0.7954
0.4120	0.4540	1.1422	0.3459	2.0366	0.7047	0.7107	0.7281	0.7586	0.7944	0.7934
0.4128	0.4550	1.1435	0.3458	2.0875	0.6870	0.6983	0.7193	0.7509	0.7923	0.7915
0.4097	0.4520	1.1397	0.3475	2.0136	0.6801	0.7007	0.7191	0.7528	0.7930	0.7933
0.4134	0.4551	1.1447	0.3510	2.0684	0.6739	0.6962	0.7150	0.7491	0.7937	0.7903
0.4144	0.4556	1.1512	0.3487	2.0701	0.6890	0.6941	0.7163	0.7513	0.7929	0.7900
0.4110	0.4524	1.1434	0.3475	2.0211	0.7059	0.7123	0.7281	0.7589	0.7977	0.7956
0.4122	0.4534	1.1443	0.3436	2.0162	0.6746	0.6995	0.7221	0.7552	0.7950	0.7935
