Metric: | MAE	| NMAE	| RMSE	| MRE	| NPRE	| NDCG1	| NDCG5	| NDCG10	| NDCG20	| NDCG50	| NDCG100	
Avg:	0.4529	0.4988	1.2462	0.3724	2.2419	0.6527	0.6646	0.6829	0.7150	0.7588	0.7624
Std:	0.0011	0.0011	0.0046	0.0017	0.0226	0.0156	0.0059	0.0049	0.0025	0.0023	0.0011

==========================================
Detailed results for 8 rounds:
0.4547	0.5007	1.2451	0.3740	2.2739	0.6467	0.6645	0.6814	0.7159	0.7567	0.7616
0.4535	0.4994	1.2455	0.3723	2.2388	0.6650	0.6643	0.6820	0.7126	0.7569	0.7637
0.4525	0.4988	1.2411	0.3723	2.2736	0.6346	0.6574	0.6789	0.7116	0.7565	0.7623
0.4524	0.4989	1.2431	0.3750	2.2328	0.6780	0.6743	0.6924	0.7199	0.7626	0.7635
0.4507	0.4968	1.2406	0.3700	2.2547	0.6327	0.6581	0.6767	0.7135	0.7597	0.7611
0.4532	0.4986	1.2549	0.3730	2.2366	0.6422	0.6584	0.6786	0.7144	0.7565	0.7607
0.4527	0.4981	1.2507	0.3727	2.2082	0.6692	0.6689	0.6857	0.7153	0.7614	0.7631
0.4535	0.4994	1.2489	0.3698	2.2163	0.6533	0.6706	0.6872	0.7170	0.7598	0.7633
