Metric: | MAE	| NMAE	| RMSE	| MRE	| NPRE	| NDCG1	| NDCG5	| NDCG10	| NDCG20	| NDCG50	| NDCG100	
Avg:	0.4286	0.4720	1.1794	0.3597	2.1231	0.6802	0.6953	0.7144	0.7464	0.7871	0.7857
Std:	0.0016	0.0017	0.0033	0.0028	0.0302	0.0060	0.0048	0.0034	0.0022	0.0013	0.0008

==========================================
Detailed results for 8 rounds:
0.4307	0.4741	1.1808	0.3637	2.1605	0.6751	0.6965	0.7167	0.7485	0.7885	0.7851
0.4294	0.4732	1.1779	0.3612	2.1222	0.6916	0.7064	0.7222	0.7504	0.7876	0.7873
0.4304	0.4743	1.1780	0.3630	2.1715	0.6774	0.6900	0.7108	0.7430	0.7842	0.7852
0.4259	0.4699	1.1725	0.3590	2.0906	0.6776	0.6951	0.7148	0.7462	0.7869	0.7867
0.4274	0.4707	1.1783	0.3592	2.1310	0.6858	0.6922	0.7113	0.7445	0.7887	0.7849
0.4286	0.4714	1.1829	0.3603	2.1314	0.6785	0.6934	0.7121	0.7466	0.7865	0.7852
0.4271	0.4699	1.1828	0.3558	2.0889	0.6835	0.6974	0.7144	0.7466	0.7870	0.7862
0.4291	0.4722	1.1819	0.3555	2.0886	0.6717	0.6914	0.7133	0.7451	0.7873	0.7852
