Metric: | MAE	| NMAE	| RMSE	| MRE	| NPRE	| NDCG1	| NDCG5	| NDCG10	| NDCG20	| NDCG50	| NDCG100	
Avg:	0.4316	0.4753	1.1813	0.3639	2.1397	0.6823	0.6968	0.7162	0.7488	0.7897	0.7874
Std:	0.0013	0.0012	0.0032	0.0016	0.0230	0.0110	0.0037	0.0028	0.0018	0.0011	0.0011

==========================================
Detailed results for 8 rounds:
0.4338	0.4775	1.1827	0.3667	2.1794	0.6669	0.6960	0.7169	0.7505	0.7904	0.7866
0.4322	0.4763	1.1807	0.3652	2.1362	0.6987	0.7027	0.7202	0.7504	0.7885	0.7879
0.4316	0.4757	1.1797	0.3635	2.1662	0.6953	0.6940	0.7132	0.7466	0.7880	0.7865
0.4292	0.4736	1.1742	0.3630	2.1090	0.6857	0.6972	0.7173	0.7495	0.7910	0.7893
0.4307	0.4743	1.1805	0.3633	2.1433	0.6734	0.6913	0.7110	0.7454	0.7901	0.7861
0.4313	0.4744	1.1840	0.3634	2.1468	0.6804	0.6979	0.7163	0.7501	0.7894	0.7873
0.4317	0.4749	1.1848	0.3648	2.1229	0.6883	0.7017	0.7193	0.7501	0.7910	0.7888
0.4325	0.4760	1.1841	0.3611	2.1139	0.6697	0.6933	0.7155	0.7475	0.7891	0.7867
