Metric: | MAE	| NMAE	| RMSE	| MRE	| NPRE	| NDCG1	| NDCG5	| NDCG10	| NDCG20	| NDCG50	| NDCG100	
Avg:	0.5043	0.5563	1.3620	0.4079	2.3977	0.6236	0.6387	0.6585	0.6910	0.7362	0.7406
Std:	0.0018	0.0022	0.0050	0.0017	0.0391	0.0246	0.0070	0.0052	0.0045	0.0027	0.0025

==========================================
Detailed results for 8 rounds:
0.5075	0.5595	1.3699	0.4104	2.3881	0.6242	0.6398	0.6587	0.6881	0.7331	0.7409
0.5058	0.5578	1.3592	0.4090	2.4448	0.5716	0.6281	0.6507	0.6895	0.7357	0.7394
0.5047	0.5571	1.3546	0.4076	2.4684	0.6106	0.6297	0.6501	0.6834	0.7344	0.7389
0.5053	0.5579	1.3677	0.4101	2.3931	0.6355	0.6403	0.6606	0.6923	0.7358	0.7370
0.5038	0.5559	1.3570	0.4052	2.4033	0.6553	0.6475	0.6640	0.6913	0.7356	0.7413
0.5016	0.5527	1.3645	0.4068	2.3446	0.6401	0.6429	0.6639	0.6984	0.7389	0.7432
0.5019	0.5530	1.3594	0.4066	2.3546	0.6424	0.6473	0.6632	0.6963	0.7420	0.7454
0.5040	0.5561	1.3636	0.4079	2.3849	0.6095	0.6340	0.6568	0.6886	0.7340	0.7389
