Metric: | MAE	| NMAE	| RMSE	| MRE	| NPRE	| NDCG1	| NDCG5	| NDCG10	| NDCG20	| NDCG50	| NDCG100	
Avg:	0.4536	0.4997	1.2479	0.3745	2.2532	0.6500	0.6607	0.6793	0.7118	0.7562	0.7605
Std:	0.0012	0.0011	0.0047	0.0021	0.0197	0.0191	0.0068	0.0052	0.0026	0.0026	0.0011

==========================================
Detailed results for 8 rounds:
0.4554	0.5014	1.2471	0.3757	2.2795	0.6547	0.6592	0.6760	0.7112	0.7536	0.7594
0.4544	0.5004	1.2473	0.3746	2.2548	0.6645	0.6582	0.6771	0.7082	0.7539	0.7610
0.4524	0.4986	1.2424	0.3716	2.2775	0.6222	0.6533	0.6758	0.7088	0.7542	0.7610
0.4531	0.4997	1.2444	0.3775	2.2402	0.6746	0.6710	0.6878	0.7160	0.7597	0.7613
0.4515	0.4976	1.2424	0.3716	2.2690	0.6257	0.6551	0.6735	0.7114	0.7574	0.7593
0.4543	0.4998	1.2567	0.3762	2.2511	0.6372	0.6530	0.6745	0.7109	0.7530	0.7585
0.4541	0.4996	1.2525	0.3757	2.2282	0.6733	0.6671	0.6842	0.7135	0.7597	0.7617
0.4541	0.5000	1.2501	0.3729	2.2256	0.6478	0.6686	0.6855	0.7147	0.7580	0.7615
