Metric: | MAE	| NMAE	| RMSE	| MRE	| NPRE	| NDCG1	| NDCG5	| NDCG10	| NDCG20	| NDCG50	| NDCG100	
Avg:	0.4418	0.4866	1.1980	0.3722	2.1691	0.7156	0.7170	0.7335	0.7638	0.8019	0.7978
Std:	0.0008	0.0009	0.0038	0.0019	0.0176	0.0084	0.0054	0.0036	0.0021	0.0013	0.0015

==========================================
Detailed results for 8 rounds:
0.4415	0.4860	1.1948	0.3714	2.1797	0.7188	0.7226	0.7385	0.7664	0.8043	0.7993
0.4435	0.4887	1.1979	0.3744	2.1845	0.7264	0.7238	0.7382	0.7673	0.8019	0.7993
0.4418	0.4868	1.1966	0.3725	2.1948	0.7210	0.7194	0.7344	0.7627	0.8013	0.7975
0.4409	0.4865	1.1906	0.3746	2.1590	0.7061	0.7170	0.7347	0.7649	0.8036	0.7997
0.4410	0.4856	1.1984	0.3704	2.1715	0.7002	0.7060	0.7271	0.7607	0.8011	0.7951
0.4422	0.4864	1.2014	0.3741	2.1748	0.7222	0.7172	0.7307	0.7628	0.8019	0.7968
0.4423	0.4866	1.2033	0.3714	2.1513	0.7196	0.7184	0.7319	0.7631	0.8005	0.7981
0.4416	0.4861	1.2006	0.3689	2.1372	0.7105	0.7119	0.7325	0.7629	0.8008	0.7966
