Metric: | MAE	| NMAE	| RMSE	| MRE	| NPRE	| NDCG1	| NDCG5	| NDCG10	| NDCG20	| NDCG50	| NDCG100	
Avg:	0.4374	0.4818	1.1970	0.3639	2.1282	0.7423	0.7294	0.7433	0.7713	0.8066	0.8030
Std:	0.0006	0.0006	0.0040	0.0022	0.0194	0.0064	0.0044	0.0031	0.0024	0.0019	0.0014

==========================================
Detailed results for 8 rounds:
0.4374	0.4815	1.1944	0.3639	2.1388	0.7357	0.7310	0.7452	0.7725	0.8089	0.8037
0.4380	0.4827	1.1969	0.3637	2.1270	0.7557	0.7354	0.7465	0.7738	0.8077	0.8041
0.4376	0.4822	1.1969	0.3638	2.1504	0.7423	0.7249	0.7392	0.7673	0.8036	0.8012
0.4366	0.4817	1.1885	0.3677	2.1215	0.7470	0.7367	0.7482	0.7754	0.8091	0.8057
0.4372	0.4814	1.1971	0.3640	2.1488	0.7394	0.7231	0.7400	0.7705	0.8075	0.8016
0.4383	0.4821	1.2013	0.3652	2.1410	0.7450	0.7275	0.7414	0.7702	0.8050	0.8021
0.4379	0.4818	1.2022	0.3635	2.1055	0.7355	0.7281	0.7411	0.7690	0.8044	0.8027
0.4366	0.4806	1.1986	0.3592	2.0927	0.7377	0.7285	0.7449	0.7715	0.8069	0.8028
