Metric: | MAE	| NMAE	| RMSE	| MRE	| NPRE	| NDCG1	| NDCG5	| NDCG10	| NDCG20	| NDCG50	| NDCG100	
Avg:	0.5218	0.5755	1.4306	0.4121	2.3685	0.6607	0.6594	0.6747	0.7024	0.7411	0.7422
Std:	0.0017	0.0019	0.0057	0.0022	0.0276	0.0106	0.0045	0.0038	0.0035	0.0034	0.0025

==========================================
Detailed results for 8 rounds:
0.5248	0.5786	1.4383	0.4144	2.3713	0.6610	0.6608	0.6755	0.7024	0.7384	0.7430
0.5214	0.5750	1.4278	0.4129	2.3948	0.6448	0.6522	0.6705	0.6996	0.7414	0.7407
0.5215	0.5756	1.4234	0.4110	2.4237	0.6511	0.6513	0.6678	0.6966	0.7376	0.7394
0.5241	0.5785	1.4370	0.4153	2.3756	0.6727	0.6615	0.6739	0.7004	0.7372	0.7376
0.5191	0.5728	1.4224	0.4095	2.3585	0.6550	0.6614	0.6748	0.7022	0.7391	0.7433
0.5210	0.5741	1.4345	0.4099	2.3406	0.6796	0.6634	0.6802	0.7079	0.7446	0.7452
0.5215	0.5746	1.4336	0.4142	2.3441	0.6629	0.6619	0.6755	0.7027	0.7472	0.7448
0.5211	0.5750	1.4282	0.4099	2.3397	0.6581	0.6627	0.6790	0.7069	0.7434	0.7434
