Metric: | MAE	| NMAE	| RMSE	| MRE	| NPRE	| NDCG1	| NDCG5	| NDCG10	| NDCG20	| NDCG50	| NDCG100	
Avg:	0.4629	0.5098	1.2730	0.3731	2.2161	0.7270	0.7127	0.7246	0.7506	0.7840	0.7822
Std:	0.0014	0.0016	0.0042	0.0026	0.0262	0.0082	0.0046	0.0032	0.0026	0.0014	0.0013

==========================================
Detailed results for 8 rounds:
0.4645	0.5115	1.2734	0.3746	2.2344	0.7308	0.7156	0.7260	0.7519	0.7847	0.7826
0.4643	0.5113	1.2749	0.3738	2.2113	0.7369	0.7190	0.7284	0.7526	0.7850	0.7848
0.4618	0.5091	1.2679	0.3738	2.2605	0.7165	0.7074	0.7210	0.7472	0.7810	0.7811
0.4644	0.5122	1.2708	0.3779	2.2221	0.7340	0.7196	0.7301	0.7550	0.7860	0.7835
0.4606	0.5077	1.2669	0.3724	2.2308	0.7345	0.7075	0.7204	0.7480	0.7838	0.7809
0.4635	0.5099	1.2808	0.3722	2.2137	0.7268	0.7118	0.7245	0.7520	0.7839	0.7814
0.4624	0.5087	1.2758	0.3720	2.1815	0.7232	0.7112	0.7221	0.7474	0.7843	0.7813
0.4616	0.5082	1.2735	0.3679	2.1746	0.7131	0.7093	0.7241	0.7506	0.7836	0.7821
