Metric: | MAE	| NMAE	| RMSE	| MRE	| NPRE	| NDCG1	| NDCG5	| NDCG10	| NDCG20	| NDCG50	| NDCG100	
Avg:	0.4144	0.4563	1.1512	0.3431	2.0031	0.7667	0.7485	0.7607	0.7886	0.8247	0.8226
Std:	0.0002	0.0005	0.0032	0.0022	0.0203	0.0064	0.0047	0.0035	0.0026	0.0017	0.0016

==========================================
Detailed results for 8 rounds:
0.4143	0.4561	1.1476	0.3426	2.0076	0.7759	0.7539	0.7644	0.7919	0.8273	0.8246
0.4141	0.4564	1.1494	0.3432	1.9970	0.7658	0.7528	0.7640	0.7920	0.8269	0.8231
0.4143	0.4566	1.1509	0.3427	2.0237	0.7689	0.7505	0.7608	0.7883	0.8238	0.8225
0.4144	0.4572	1.1459	0.3471	2.0025	0.7764	0.7545	0.7659	0.7915	0.8262	0.8255
0.4149	0.4567	1.1514	0.3459	2.0375	0.7639	0.7440	0.7573	0.7868	0.8243	0.8206
0.4145	0.4557	1.1548	0.3422	2.0072	0.7608	0.7435	0.7562	0.7861	0.8236	0.8213
0.4141	0.4559	1.1542	0.3419	1.9764	0.7647	0.7465	0.7595	0.7860	0.8232	0.8220
0.4142	0.4555	1.1553	0.3394	1.9728	0.7571	0.7425	0.7572	0.7861	0.8223	0.8210
