Metric: | MAE	| NMAE	| RMSE	| MRE	| NPRE	| NDCG1	| NDCG5	| NDCG10	| NDCG20	| NDCG50	| NDCG100	
Avg:	0.5207	0.5744	1.4315	0.4104	2.3614	0.6642	0.6628	0.6770	0.7042	0.7425	0.7439
Std:	0.0016	0.0019	0.0055	0.0021	0.0266	0.0134	0.0053	0.0038	0.0034	0.0030	0.0027

==========================================
Detailed results for 8 rounds:
0.5237	0.5774	1.4385	0.4127	2.3660	0.6693	0.6667	0.6802	0.7041	0.7411	0.7456
0.5203	0.5738	1.4289	0.4107	2.3854	0.6386	0.6538	0.6722	0.7018	0.7421	0.7424
0.5207	0.5748	1.4251	0.4095	2.4154	0.6486	0.6543	0.6698	0.6978	0.7390	0.7405
0.5228	0.5771	1.4382	0.4128	2.3666	0.6787	0.6648	0.6772	0.7034	0.7395	0.7395
0.5180	0.5716	1.4234	0.4079	2.3510	0.6702	0.6637	0.6780	0.7043	0.7406	0.7448
0.5202	0.5732	1.4353	0.4081	2.3379	0.6803	0.6689	0.6815	0.7097	0.7456	0.7467
0.5205	0.5735	1.4343	0.4129	2.3373	0.6625	0.6656	0.6771	0.7048	0.7483	0.7472
0.5197	0.5734	1.4283	0.4084	2.3319	0.6653	0.6646	0.6803	0.7079	0.7440	0.7447
