Metric: | MAE	| NMAE	| RMSE	| MRE	| NPRE	| NDCG1	| NDCG5	| NDCG10	| NDCG20	| NDCG50	| NDCG100	
Avg:	0.4383	0.4826	1.1748	0.3819	2.2447	0.6635	0.6842	0.7062	0.7399	0.7820	0.7816
Std:	0.0019	0.0021	0.0039	0.0040	0.0277	0.0126	0.0073	0.0063	0.0046	0.0027	0.0025

==========================================
Detailed results for 8 rounds:
0.4418	0.4863	1.1723	0.3883	2.2754	0.6624	0.6853	0.7095	0.7418	0.7861	0.7840
0.4368	0.4814	1.1707	0.3817	2.2374	0.6787	0.6937	0.7144	0.7451	0.7822	0.7830
0.4360	0.4806	1.1727	0.3782	2.2735	0.6611	0.6824	0.7046	0.7372	0.7803	0.7807
0.4400	0.4854	1.1727	0.3884	2.2848	0.6359	0.6783	0.7009	0.7369	0.7805	0.7807
0.4379	0.4821	1.1754	0.3820	2.2415	0.6630	0.6753	0.6968	0.7324	0.7785	0.7779
0.4392	0.4828	1.1841	0.3801	2.2179	0.6673	0.6752	0.6994	0.7359	0.7790	0.7779
0.4361	0.4800	1.1736	0.3783	2.2133	0.6790	0.6950	0.7140	0.7458	0.7849	0.7845
0.4386	0.4824	1.1769	0.3784	2.2135	0.6607	0.6887	0.7097	0.7436	0.7845	0.7837
