Metric: | MAE	| NMAE	| RMSE	| MRE	| NPRE	| NDCG1	| NDCG5	| NDCG10	| NDCG20	| NDCG50	| NDCG100	
Avg:	0.4239	0.4668	1.1549	0.3619	2.0916	0.7183	0.7219	0.7403	0.7729	0.8135	0.8109
Std:	0.0007	0.0010	0.0031	0.0024	0.0261	0.0077	0.0049	0.0037	0.0028	0.0018	0.0017

==========================================
Detailed results for 8 rounds:
0.4237	0.4665	1.1510	0.3606	2.0962	0.7194	0.7263	0.7446	0.7762	0.8171	0.8128
0.4238	0.4671	1.1535	0.3615	2.0858	0.7284	0.7254	0.7444	0.7751	0.8144	0.8117
0.4246	0.4680	1.1545	0.3628	2.1218	0.7283	0.7219	0.7393	0.7725	0.8124	0.8108
0.4242	0.4680	1.1504	0.3665	2.1068	0.7258	0.7303	0.7456	0.7774	0.8152	0.8136
0.4238	0.4665	1.1548	0.3634	2.1167	0.7127	0.7189	0.7374	0.7707	0.8136	0.8084
0.4247	0.4669	1.1600	0.3626	2.1003	0.7117	0.7176	0.7365	0.7696	0.8120	0.8091
0.4223	0.4648	1.1574	0.3585	2.0371	0.7108	0.7206	0.7393	0.7711	0.8116	0.8107
0.4239	0.4663	1.1574	0.3595	2.0682	0.7094	0.7139	0.7356	0.7704	0.8115	0.8102
