Metric: | MAE	| NMAE	| RMSE	| MRE	| NPRE	| NDCG1	| NDCG5	| NDCG10	| NDCG20	| NDCG50	| NDCG100	
Avg:	0.4345	0.4785	1.1963	0.3582	2.1049	0.7537	0.7357	0.7482	0.7749	0.8092	0.8059
Std:	0.0005	0.0006	0.0036	0.0024	0.0182	0.0042	0.0035	0.0033	0.0026	0.0019	0.0012

==========================================
Detailed results for 8 rounds:
0.4348	0.4787	1.1940	0.3587	2.1176	0.7534	0.7394	0.7513	0.7773	0.8106	0.8070
0.4350	0.4793	1.1960	0.3589	2.0976	0.7608	0.7373	0.7499	0.7762	0.8096	0.8067
0.4343	0.4787	1.1961	0.3575	2.1249	0.7514	0.7299	0.7419	0.7697	0.8054	0.8040
0.4343	0.4792	1.1888	0.3631	2.1030	0.7585	0.7409	0.7527	0.7783	0.8117	0.8080
0.4346	0.4786	1.1968	0.3579	2.1283	0.7563	0.7344	0.7479	0.7752	0.8106	0.8050
0.4351	0.4786	1.2010	0.3585	2.1088	0.7506	0.7315	0.7449	0.7735	0.8077	0.8048
0.4347	0.4782	1.2006	0.3571	2.0885	0.7478	0.7360	0.7472	0.7727	0.8079	0.8060
0.4335	0.4771	1.1972	0.3536	2.0702	0.7507	0.7362	0.7499	0.7759	0.8098	0.8057
