Metric: | MAE	| NMAE	| RMSE	| MRE	| NPRE	| NDCG1	| NDCG5	| NDCG10	| NDCG20	| NDCG50	| NDCG100	
Avg:	0.4622	0.5091	1.2730	0.3717	2.2119	0.7295	0.7136	0.7252	0.7511	0.7844	0.7827
Std:	0.0014	0.0015	0.0043	0.0024	0.0262	0.0084	0.0047	0.0030	0.0026	0.0015	0.0011

==========================================
Detailed results for 8 rounds:
0.4636	0.5105	1.2731	0.3729	2.2298	0.7351	0.7162	0.7258	0.7528	0.7847	0.7833
0.4636	0.5105	1.2751	0.3720	2.2048	0.7407	0.7209	0.7287	0.7525	0.7857	0.7853
0.4610	0.5082	1.2679	0.3722	2.2544	0.7168	0.7087	0.7213	0.7471	0.7815	0.7817
0.4637	0.5114	1.2707	0.3762	2.2205	0.7400	0.7204	0.7302	0.7555	0.7868	0.7834
0.4599	0.5070	1.2668	0.3712	2.2282	0.7316	0.7079	0.7210	0.7485	0.7842	0.7817
0.4629	0.5093	1.2811	0.3710	2.2105	0.7285	0.7117	0.7248	0.7517	0.7835	0.7818
0.4616	0.5079	1.2757	0.3707	2.1770	0.7245	0.7123	0.7239	0.7489	0.7849	0.7821
0.4611	0.5077	1.2736	0.3671	2.1700	0.7191	0.7109	0.7260	0.7518	0.7841	0.7825
