Metric: | MAE	| NMAE	| RMSE	| MRE	| NPRE	| NDCG1	| NDCG5	| NDCG10	| NDCG20	| NDCG50	| NDCG100	
Avg:	0.4729	0.5209	1.2693	0.3932	2.3213	0.6716	0.6826	0.7014	0.7329	0.7722	0.7699
Std:	0.0012	0.0014	0.0035	0.0035	0.0297	0.0071	0.0042	0.0035	0.0031	0.0015	0.0009

==========================================
Detailed results for 8 rounds:
0.4749	0.5230	1.2708	0.3959	2.3392	0.6693	0.6828	0.7003	0.7325	0.7710	0.7691
0.4745	0.5225	1.2714	0.3917	2.3189	0.6737	0.6813	0.7004	0.7304	0.7711	0.7702
0.4725	0.5209	1.2652	0.3968	2.3724	0.6576	0.6797	0.7000	0.7310	0.7695	0.7687
0.4735	0.5222	1.2665	0.3974	2.3187	0.6812	0.6922	0.7083	0.7376	0.7742	0.7705
0.4720	0.5203	1.2640	0.3942	2.3492	0.6738	0.6791	0.6976	0.7304	0.7718	0.7690
0.4719	0.5192	1.2745	0.3921	2.3064	0.6792	0.6848	0.7035	0.7350	0.7733	0.7707
0.4726	0.5200	1.2726	0.3915	2.2912	0.6729	0.6778	0.6968	0.7291	0.7725	0.7696
0.4716	0.5192	1.2698	0.3861	2.2745	0.6651	0.6829	0.7043	0.7374	0.7738	0.7714
