Metric: | MAE	| NMAE	| RMSE	| MRE	| NPRE	| NDCG1	| NDCG5	| NDCG10	| NDCG20	| NDCG50	| NDCG100	
Avg:	0.4769	0.5252	1.2718	0.3985	2.3796	0.6306	0.6587	0.6810	0.7155	0.7588	0.7598
Std:	0.0015	0.0016	0.0044	0.0033	0.0175	0.0193	0.0063	0.0042	0.0041	0.0029	0.0013

==========================================
Detailed results for 8 rounds:
0.4791	0.5276	1.2724	0.4039	2.4048	0.6220	0.6615	0.6836	0.7183	0.7598	0.7604
0.4763	0.5246	1.2700	0.3957	2.3733	0.5989	0.6432	0.6708	0.7062	0.7529	0.7589
0.4764	0.5251	1.2687	0.4000	2.4059	0.6212	0.6572	0.6787	0.7136	0.7564	0.7582
0.4775	0.5266	1.2699	0.4031	2.3924	0.6407	0.6631	0.6830	0.7150	0.7592	0.7589
0.4737	0.5221	1.2637	0.3957	2.3727	0.6108	0.6564	0.6817	0.7174	0.7611	0.7599
0.4763	0.5241	1.2781	0.3971	2.3626	0.6577	0.6623	0.6831	0.7202	0.7588	0.7600
0.4770	0.5248	1.2756	0.3982	2.3649	0.6523	0.6626	0.6817	0.7146	0.7633	0.7628
0.4784	0.5268	1.2764	0.3945	2.3601	0.6413	0.6631	0.6851	0.7185	0.7587	0.7596
