Metric: | MAE	| NMAE	| RMSE	| MRE	| NPRE	| NDCG1	| NDCG5	| NDCG10	| NDCG20	| NDCG50	| NDCG100	
Avg:	0.4679	0.5154	1.2719	0.3831	2.2606	0.7093	0.7021	0.7167	0.7449	0.7800	0.7773
Std:	0.0014	0.0016	0.0045	0.0027	0.0270	0.0105	0.0045	0.0036	0.0030	0.0016	0.0013

==========================================
Detailed results for 8 rounds:
0.4698	0.5174	1.2718	0.3861	2.2839	0.7082	0.7052	0.7191	0.7472	0.7813	0.7777
0.4699	0.5175	1.2755	0.3832	2.2638	0.7085	0.7038	0.7168	0.7437	0.7793	0.7783
0.4667	0.5145	1.2660	0.3843	2.3080	0.6880	0.6970	0.7114	0.7406	0.7771	0.7761
0.4689	0.5171	1.2683	0.3871	2.2591	0.7266	0.7116	0.7241	0.7502	0.7831	0.7797
0.4658	0.5134	1.2663	0.3830	2.2737	0.7160	0.6986	0.7136	0.7432	0.7797	0.7763
0.4681	0.5150	1.2798	0.3816	2.2490	0.7161	0.7006	0.7171	0.7460	0.7790	0.7763
0.4670	0.5138	1.2743	0.3819	2.2234	0.7038	0.6982	0.7139	0.7418	0.7802	0.7760
0.4670	0.5142	1.2730	0.3778	2.2240	0.7070	0.7016	0.7174	0.7469	0.7805	0.7781
