Metric: | MAE	| NMAE	| RMSE	| MRE	| NPRE	| NDCG1	| NDCG5	| NDCG10	| NDCG20	| NDCG50	| NDCG100	
Avg:	0.4165	0.4586	1.1516	0.3476	2.0220	0.7563	0.7446	0.7581	0.7864	0.8231	0.8207
Std:	0.0002	0.0004	0.0031	0.0019	0.0175	0.0103	0.0048	0.0039	0.0029	0.0018	0.0019

==========================================
Detailed results for 8 rounds:
0.4166	0.4587	1.1486	0.3472	2.0266	0.7609	0.7497	0.7625	0.7904	0.8261	0.8231
0.4164	0.4589	1.1497	0.3485	2.0145	0.7624	0.7488	0.7628	0.7896	0.8247	0.8215
0.4161	0.4587	1.1509	0.3468	2.0397	0.7675	0.7473	0.7592	0.7871	0.8230	0.8206
0.4165	0.4595	1.1466	0.3509	2.0205	0.7678	0.7506	0.7624	0.7891	0.8244	0.8236
0.4166	0.4586	1.1515	0.3496	2.0496	0.7442	0.7402	0.7534	0.7840	0.8225	0.8180
0.4168	0.4582	1.1550	0.3472	2.0306	0.7550	0.7388	0.7538	0.7834	0.8213	0.8190
0.4163	0.4582	1.1545	0.3465	1.9948	0.7558	0.7434	0.7570	0.7847	0.8222	0.8207
0.4167	0.4583	1.1561	0.3443	1.9998	0.7369	0.7384	0.7539	0.7827	0.8204	0.8190
