Metric: | MAE	| NMAE	| RMSE	| MRE	| NPRE	| NDCG1	| NDCG5	| NDCG10	| NDCG20	| NDCG50	| NDCG100	
Avg:	0.5263	0.5805	1.4178	0.4195	2.4358	0.6199	0.6360	0.6574	0.6889	0.7326	0.7328
Std:	0.0021	0.0025	0.0054	0.0020	0.0319	0.0225	0.0094	0.0071	0.0060	0.0047	0.0037

==========================================
Detailed results for 8 rounds:
0.5297	0.5841	1.4272	0.4218	2.4358	0.6231	0.6390	0.6579	0.6840	0.7276	0.7321
0.5268	0.5810	1.4158	0.4201	2.4693	0.5652	0.6159	0.6460	0.6820	0.7301	0.7291
0.5269	0.5816	1.4130	0.4183	2.4957	0.6156	0.6364	0.6527	0.6864	0.7303	0.7291
0.5283	0.5832	1.4240	0.4212	2.4480	0.6220	0.6385	0.6586	0.6893	0.7292	0.7283
0.5241	0.5783	1.4094	0.4187	2.4232	0.6218	0.6266	0.6494	0.6820	0.7280	0.7317
0.5226	0.5758	1.4176	0.4158	2.3970	0.6379	0.6471	0.6677	0.6981	0.7375	0.7382
0.5256	0.5791	1.4197	0.4220	2.4000	0.6287	0.6418	0.6610	0.6924	0.7400	0.7377
0.5262	0.5806	1.4160	0.4178	2.4173	0.6448	0.6427	0.6656	0.6973	0.7382	0.7360
