Metric: | MAE	| NMAE	| RMSE	| MRE	| NPRE	| NDCG1	| NDCG5	| NDCG10	| NDCG20	| NDCG50	| NDCG100	
Avg:	0.4157	0.4577	1.1446	0.3536	2.0537	0.6908	0.7047	0.7246	0.7586	0.7999	0.7976
Std:	0.0013	0.0012	0.0034	0.0021	0.0264	0.0111	0.0071	0.0050	0.0034	0.0017	0.0021

==========================================
Detailed results for 8 rounds:
0.4177	0.4599	1.1423	0.3573	2.0863	0.6859	0.7029	0.7245	0.7597	0.8019	0.7987
0.4156	0.4580	1.1437	0.3535	2.0553	0.7103	0.7149	0.7328	0.7634	0.8009	0.7991
0.4157	0.4582	1.1421	0.3533	2.0958	0.6812	0.7008	0.7219	0.7570	0.7985	0.7972
0.4131	0.4558	1.1395	0.3540	2.0216	0.6844	0.7047	0.7244	0.7568	0.7981	0.7979
0.4163	0.4583	1.1461	0.3560	2.0661	0.6760	0.6953	0.7162	0.7517	0.7975	0.7934
0.4166	0.4580	1.1517	0.3526	2.0512	0.6958	0.6982	0.7209	0.7577	0.7992	0.7954
0.4143	0.4560	1.1453	0.3520	2.0210	0.7047	0.7167	0.7312	0.7625	0.8021	0.8003
0.4163	0.4578	1.1461	0.3502	2.0320	0.6879	0.7044	0.7249	0.7596	0.8010	0.7989
