Metric: | MAE	| NMAE	| RMSE	| MRE	| NPRE	| NDCG1	| NDCG5	| NDCG10	| NDCG20	| NDCG50	| NDCG100	
Avg:	0.5041	0.5560	1.3657	0.4044	2.3770	0.6329	0.6432	0.6630	0.6951	0.7388	0.7421
Std:	0.0020	0.0024	0.0052	0.0017	0.0362	0.0196	0.0051	0.0040	0.0034	0.0030	0.0027

==========================================
Detailed results for 8 rounds:
0.5077	0.5598	1.3743	0.4068	2.3710	0.6336	0.6448	0.6634	0.6925	0.7345	0.7421
0.5046	0.5565	1.3620	0.4048	2.4102	0.5909	0.6372	0.6599	0.6959	0.7407	0.7429
0.5042	0.5565	1.3579	0.4038	2.4448	0.6173	0.6348	0.6549	0.6890	0.7368	0.7402
0.5056	0.5582	1.3720	0.4073	2.3743	0.6434	0.6420	0.6611	0.6938	0.7362	0.7371
0.5041	0.5562	1.3612	0.4028	2.3919	0.6537	0.6482	0.6662	0.6951	0.7376	0.7423
0.5011	0.5522	1.3682	0.4022	2.3259	0.6513	0.6469	0.6677	0.7002	0.7408	0.7446
0.5016	0.5526	1.3641	0.4031	2.3361	0.6457	0.6504	0.6671	0.6993	0.7448	0.7465
0.5038	0.5559	1.3657	0.4041	2.3615	0.6278	0.6411	0.6640	0.6949	0.7388	0.7410
