Metric: | MAE	| NMAE	| RMSE	| MRE	| NPRE	| NDCG1	| NDCG5	| NDCG10	| NDCG20	| NDCG50	| NDCG100	
Avg:	0.4179	0.4602	1.1575	0.3466	2.0887	0.6855	0.7011	0.7205	0.7524	0.7924	0.7909
Std:	0.0010	0.0009	0.0032	0.0016	0.0228	0.0077	0.0044	0.0039	0.0030	0.0017	0.0018

==========================================
Detailed results for 8 rounds:
0.4194	0.4617	1.1550	0.3477	2.1151	0.6829	0.7024	0.7239	0.7546	0.7956	0.7924
0.4185	0.4612	1.1570	0.3486	2.1044	0.6958	0.7063	0.7261	0.7555	0.7922	0.7910
0.4179	0.4606	1.1555	0.3462	2.1176	0.6932	0.7000	0.7195	0.7507	0.7907	0.7908
0.4158	0.4587	1.1523	0.3472	2.0647	0.6889	0.7035	0.7211	0.7533	0.7930	0.7931
0.4178	0.4600	1.1575	0.3476	2.0953	0.6773	0.6974	0.7151	0.7474	0.7915	0.7890
0.4185	0.4600	1.1635	0.3458	2.0945	0.6800	0.6920	0.7142	0.7481	0.7897	0.7873
0.4172	0.4592	1.1593	0.3465	2.0580	0.6924	0.7059	0.7231	0.7547	0.7930	0.7920
0.4180	0.4598	1.1601	0.3431	2.0603	0.6732	0.7013	0.7212	0.7549	0.7938	0.7917
