Metric: | MAE	| NMAE	| RMSE	| MRE	| NPRE	| NDCG1	| NDCG5	| NDCG10	| NDCG20	| NDCG50	| NDCG100	
Avg:	0.5108	0.5633	1.3805	0.4082	2.3849	0.6403	0.6508	0.6688	0.6993	0.7404	0.7411
Std:	0.0020	0.0025	0.0057	0.0021	0.0332	0.0158	0.0046	0.0040	0.0036	0.0034	0.0029

==========================================
Detailed results for 8 rounds:
0.5144	0.5671	1.3892	0.4109	2.3807	0.6247	0.6489	0.6685	0.6970	0.7369	0.7414
0.5104	0.5628	1.3762	0.4078	2.4184	0.6163	0.6503	0.6707	0.7005	0.7430	0.7428
0.5102	0.5632	1.3716	0.4073	2.4425	0.6260	0.6427	0.6619	0.6933	0.7367	0.7388
0.5135	0.5669	1.3880	0.4115	2.3977	0.6556	0.6513	0.6654	0.6968	0.7368	0.7347
0.5098	0.5625	1.3755	0.4060	2.3900	0.6396	0.6466	0.6669	0.6988	0.7378	0.7410
0.5077	0.5594	1.3821	0.4054	2.3353	0.6614	0.6580	0.6754	0.7049	0.7427	0.7444
0.5093	0.5611	1.3819	0.4094	2.3471	0.6575	0.6562	0.6691	0.6991	0.7450	0.7438
0.5108	0.5637	1.3795	0.4075	2.3676	0.6414	0.6524	0.6728	0.7041	0.7441	0.7417
