Metric: | MAE	| NMAE	| RMSE	| MRE	| NPRE	| NDCG1	| NDCG5	| NDCG10	| NDCG20	| NDCG50	| NDCG100	
Avg:	0.5050	0.5570	1.3687	0.4041	2.3719	0.6371	0.6451	0.6652	0.6967	0.7398	0.7425
Std:	0.0019	0.0023	0.0053	0.0018	0.0355	0.0186	0.0060	0.0043	0.0034	0.0029	0.0026

==========================================
Detailed results for 8 rounds:
0.5085	0.5607	1.3770	0.4069	2.3676	0.6440	0.6457	0.6662	0.6958	0.7367	0.7426
0.5054	0.5574	1.3651	0.4044	2.4081	0.5964	0.6376	0.6611	0.6973	0.7421	0.7428
0.5052	0.5577	1.3608	0.4043	2.4389	0.6262	0.6347	0.6564	0.6897	0.7369	0.7406
0.5068	0.5595	1.3761	0.4063	2.3703	0.6528	0.6470	0.6654	0.6950	0.7371	0.7374
0.5044	0.5565	1.3640	0.4009	2.3799	0.6554	0.6505	0.6667	0.6957	0.7376	0.7424
0.5022	0.5533	1.3707	0.4027	2.3214	0.6481	0.6510	0.6713	0.7023	0.7424	0.7449
0.5029	0.5541	1.3678	0.4041	2.3350	0.6478	0.6518	0.6690	0.6993	0.7449	0.7468
0.5046	0.5568	1.3680	0.4036	2.3543	0.6262	0.6422	0.6656	0.6983	0.7405	0.7423
