Metric: | MAE	| NMAE	| RMSE	| MRE	| NPRE	| NDCG1	| NDCG5	| NDCG10	| NDCG20	| NDCG50	| NDCG100	
Avg:	0.4157	0.4577	1.1493	0.3487	2.0562	0.6900	0.7034	0.7230	0.7560	0.7968	0.7948
Std:	0.0011	0.0009	0.0034	0.0012	0.0221	0.0093	0.0054	0.0045	0.0034	0.0015	0.0018

==========================================
Detailed results for 8 rounds:
0.4164	0.4584	1.1455	0.3485	2.0725	0.6791	0.7058	0.7247	0.7578	0.7995	0.7964
0.4153	0.4576	1.1474	0.3477	2.0548	0.7004	0.7112	0.7305	0.7616	0.7976	0.7961
0.4159	0.4584	1.1482	0.3491	2.0927	0.6927	0.7012	0.7209	0.7542	0.7950	0.7943
0.4142	0.4570	1.1450	0.3515	2.0352	0.6992	0.7051	0.7245	0.7562	0.7965	0.7962
0.4151	0.4570	1.1492	0.3491	2.0582	0.6782	0.6979	0.7172	0.7512	0.7960	0.7927
0.4170	0.4584	1.1559	0.3490	2.0684	0.6817	0.6938	0.7159	0.7511	0.7946	0.7913
0.4143	0.4560	1.1514	0.3471	2.0151	0.7023	0.7093	0.7261	0.7583	0.7971	0.7960
0.4172	0.4589	1.1521	0.3479	2.0527	0.6864	0.7030	0.7238	0.7574	0.7983	0.7953
