Metric: | MAE	| NMAE	| RMSE	| MRE	| NPRE	| NDCG1	| NDCG5	| NDCG10	| NDCG20	| NDCG50	| NDCG100	
Avg:	0.4571	0.5035	1.2454	0.3779	2.2402	0.6702	0.6810	0.6993	0.7307	0.7706	0.7706
Std:	0.0011	0.0013	0.0041	0.0033	0.0262	0.0127	0.0055	0.0045	0.0032	0.0021	0.0011

==========================================
Detailed results for 8 rounds:
0.4584	0.5048	1.2454	0.3787	2.2609	0.6650	0.6837	0.7025	0.7333	0.7713	0.7707
0.4579	0.5043	1.2461	0.3742	2.2222	0.6753	0.6752	0.6957	0.7264	0.7671	0.7709
0.4567	0.5034	1.2404	0.3804	2.2866	0.6533	0.6793	0.6981	0.7288	0.7680	0.7698
0.4585	0.5057	1.2425	0.3845	2.2575	0.6868	0.6917	0.7077	0.7369	0.7740	0.7716
0.4547	0.5012	1.2403	0.3758	2.2469	0.6544	0.6737	0.6916	0.7274	0.7706	0.7685
0.4571	0.5029	1.2528	0.3787	2.2307	0.6761	0.6802	0.6981	0.7313	0.7700	0.7697
0.4566	0.5023	1.2496	0.3773	2.2001	0.6883	0.6859	0.7012	0.7297	0.7720	0.7721
0.4570	0.5032	1.2463	0.3735	2.2168	0.6622	0.6786	0.6996	0.7321	0.7721	0.7713
