Metric: | MAE	| NMAE	| RMSE	| MRE	| NPRE	| NDCG1	| NDCG5	| NDCG10	| NDCG20	| NDCG50	| NDCG100	
Avg:	0.4167	0.4589	1.1531	0.3475	2.0746	0.6866	0.7024	0.7218	0.7542	0.7945	0.7926
Std:	0.0011	0.0010	0.0035	0.0012	0.0257	0.0064	0.0045	0.0039	0.0031	0.0018	0.0015

==========================================
Detailed results for 8 rounds:
0.4173	0.4594	1.1492	0.3474	2.0914	0.6804	0.7060	0.7254	0.7575	0.7986	0.7947
0.4162	0.4586	1.1515	0.3472	2.0679	0.6987	0.7077	0.7277	0.7584	0.7945	0.7930
0.4173	0.4600	1.1518	0.3483	2.1249	0.6867	0.7006	0.7187	0.7509	0.7924	0.7921
0.4148	0.4576	1.1483	0.3483	2.0481	0.6866	0.7033	0.7220	0.7545	0.7937	0.7937
0.4172	0.4593	1.1540	0.3496	2.0788	0.6820	0.6998	0.7178	0.7502	0.7937	0.7910
0.4183	0.4599	1.1602	0.3477	2.0849	0.6784	0.6937	0.7154	0.7507	0.7928	0.7898
0.4153	0.4571	1.1544	0.3463	2.0358	0.6940	0.7079	0.7248	0.7567	0.7955	0.7939
0.4176	0.4593	1.1556	0.3454	2.0650	0.6857	0.7004	0.7222	0.7552	0.7951	0.7930
