Metric: | MAE	| NMAE	| RMSE	| MRE	| NPRE	| NDCG1	| NDCG5	| NDCG10	| NDCG20	| NDCG50	| NDCG100	
Avg:	0.5039	0.5558	1.3638	0.4053	2.3845	0.6289	0.6417	0.6614	0.6935	0.7381	0.7414
Std:	0.0019	0.0023	0.0052	0.0017	0.0385	0.0267	0.0070	0.0049	0.0038	0.0024	0.0023

==========================================
Detailed results for 8 rounds:
0.5073	0.5593	1.3718	0.4077	2.3806	0.6289	0.6431	0.6634	0.6907	0.7354	0.7420
0.5051	0.5571	1.3607	0.4063	2.4291	0.5639	0.6282	0.6534	0.6911	0.7378	0.7402
0.5038	0.5561	1.3556	0.4047	2.4537	0.6226	0.6326	0.6532	0.6876	0.7362	0.7397
0.5052	0.5577	1.3704	0.4077	2.3787	0.6469	0.6466	0.6617	0.6935	0.7371	0.7375
0.5036	0.5556	1.3590	0.4027	2.3930	0.6575	0.6462	0.6654	0.6923	0.7366	0.7419
0.5010	0.5520	1.3663	0.4037	2.3316	0.6419	0.6475	0.6668	0.7004	0.7402	0.7435
0.5016	0.5527	1.3616	0.4049	2.3405	0.6404	0.6483	0.6649	0.6978	0.7435	0.7458
0.5036	0.5557	1.3651	0.4049	2.3689	0.6290	0.6408	0.6624	0.6943	0.7378	0.7409
