Metric: | MAE	| NMAE	| RMSE	| MRE	| NPRE	| NDCG1	| NDCG5	| NDCG10	| NDCG20	| NDCG50	| NDCG100	
Avg:	0.4175	0.4598	1.1454	0.3579	2.0640	0.6866	0.7056	0.7254	0.7589	0.8010	0.7984
Std:	0.0015	0.0014	0.0035	0.0016	0.0214	0.0092	0.0056	0.0043	0.0028	0.0017	0.0016

==========================================
Detailed results for 8 rounds:
0.4178	0.4599	1.1422	0.3581	2.0663	0.6872	0.7057	0.7271	0.7603	0.8037	0.7992
0.4194	0.4622	1.1442	0.3608	2.0978	0.6996	0.7122	0.7313	0.7625	0.8011	0.7995
0.4169	0.4595	1.1440	0.3574	2.0798	0.6838	0.7090	0.7272	0.7589	0.8006	0.7988
0.4159	0.4588	1.1411	0.3595	2.0535	0.6808	0.7027	0.7228	0.7565	0.7983	0.7980
0.4165	0.4586	1.1449	0.3578	2.0643	0.6736	0.7002	0.7202	0.7554	0.8004	0.7969
0.4196	0.4613	1.1533	0.3583	2.0714	0.6769	0.6963	0.7186	0.7553	0.7995	0.7951
0.4156	0.4575	1.1461	0.3559	2.0182	0.7004	0.7142	0.7307	0.7630	0.8016	0.8005
0.4186	0.4604	1.1472	0.3555	2.0605	0.6903	0.7047	0.7255	0.7595	0.8030	0.7992
