Metric: | MAE	| NMAE	| RMSE	| MRE	| NPRE	| NDCG1	| NDCG5	| NDCG10	| NDCG20	| NDCG50	| NDCG100	
Avg:	0.4127	0.4544	1.1432	0.3482	2.0345	0.6862	0.7031	0.7233	0.7566	0.7972	0.7949
Std:	0.0013	0.0013	0.0038	0.0027	0.0287	0.0071	0.0059	0.0040	0.0031	0.0017	0.0017

==========================================
Detailed results for 8 rounds:
0.4122	0.4538	1.1389	0.3469	2.0411	0.6821	0.7037	0.7249	0.7583	0.8000	0.7960
0.4115	0.4535	1.1407	0.3470	2.0253	0.6975	0.7099	0.7288	0.7603	0.7967	0.7953
0.4140	0.4563	1.1415	0.3499	2.0876	0.6883	0.7018	0.7213	0.7553	0.7960	0.7945
0.4109	0.4534	1.1389	0.3507	2.0166	0.6872	0.7020	0.7224	0.7552	0.7953	0.7955
0.4148	0.4566	1.1451	0.3533	2.0599	0.6752	0.6963	0.7177	0.7510	0.7959	0.7922
0.4138	0.4550	1.1509	0.3477	2.0410	0.6822	0.6950	0.7180	0.7541	0.7958	0.7925
0.4113	0.4527	1.1440	0.3466	1.9855	0.6955	0.7139	0.7291	0.7609	0.7991	0.7975
0.4129	0.4542	1.1452	0.3438	2.0194	0.6814	0.7024	0.7241	0.7575	0.7985	0.7961
