Metric: | MAE	| NMAE	| RMSE	| MRE	| NPRE	| NDCG1	| NDCG5	| NDCG10	| NDCG20	| NDCG50	| NDCG100	
Avg:	0.4198	0.4623	1.1479	0.3604	2.0851	0.6903	0.7031	0.7241	0.7584	0.8009	0.7983
Std:	0.0012	0.0012	0.0035	0.0019	0.0257	0.0122	0.0054	0.0042	0.0033	0.0015	0.0016

==========================================
Detailed results for 8 rounds:
0.4205	0.4629	1.1456	0.3598	2.0945	0.6869	0.7036	0.7233	0.7586	0.8035	0.7989
0.4203	0.4632	1.1464	0.3631	2.0934	0.7154	0.7113	0.7308	0.7632	0.8017	0.7998
0.4210	0.4641	1.1476	0.3629	2.1381	0.6947	0.7031	0.7234	0.7579	0.8006	0.7986
0.4178	0.4610	1.1420	0.3613	2.0658	0.6867	0.6993	0.7226	0.7570	0.7990	0.7984
0.4182	0.4604	1.1472	0.3588	2.0870	0.6686	0.6951	0.7172	0.7519	0.7991	0.7958
0.4210	0.4628	1.1548	0.3611	2.0885	0.6847	0.6984	0.7201	0.7566	0.7995	0.7957
0.4191	0.4614	1.1496	0.3593	2.0438	0.6938	0.7110	0.7288	0.7617	0.8014	0.7997
0.4205	0.4625	1.1498	0.3571	2.0696	0.6916	0.7030	0.7262	0.7601	0.8024	0.7994
