Metric: | MAE	| NMAE	| RMSE	| MRE	| NPRE	| NDCG1	| NDCG5	| NDCG10	| NDCG20	| NDCG50	| NDCG100	
Avg:	0.4159	0.4580	1.1481	0.3504	2.0595	0.6864	0.7028	0.7231	0.7566	0.7976	0.7956
Std:	0.0011	0.0011	0.0035	0.0020	0.0260	0.0106	0.0059	0.0048	0.0034	0.0018	0.0019

==========================================
Detailed results for 8 rounds:
0.4176	0.4597	1.1440	0.3529	2.0960	0.6745	0.7035	0.7249	0.7583	0.8010	0.7974
0.4160	0.4584	1.1468	0.3511	2.0603	0.7093	0.7110	0.7301	0.7615	0.7974	0.7962
0.4157	0.4582	1.1470	0.3502	2.0913	0.6881	0.7024	0.7216	0.7546	0.7957	0.7949
0.4145	0.4573	1.1437	0.3534	2.0405	0.6922	0.7064	0.7250	0.7569	0.7969	0.7967
0.4155	0.4575	1.1483	0.3507	2.0701	0.6784	0.6953	0.7158	0.7508	0.7963	0.7930
0.4172	0.4587	1.1554	0.3499	2.0631	0.6748	0.6924	0.7156	0.7525	0.7956	0.7923
0.4142	0.4559	1.1493	0.3479	2.0112	0.6872	0.7086	0.7271	0.7598	0.7986	0.7975
0.4165	0.4581	1.1501	0.3474	2.0439	0.6867	0.7030	0.7246	0.7585	0.7993	0.7966
