Metric: | MAE	| NMAE	| RMSE	| MRE	| NPRE	| NDCG1	| NDCG5	| NDCG10	| NDCG20	| NDCG50	| NDCG100	
Avg:	0.5050	0.5569	1.3617	0.4096	2.4068	0.6204	0.6376	0.6575	0.6900	0.7354	0.7401
Std:	0.0018	0.0021	0.0050	0.0015	0.0382	0.0278	0.0064	0.0050	0.0046	0.0028	0.0026

==========================================
Detailed results for 8 rounds:
0.5081	0.5602	1.3696	0.4119	2.3981	0.6220	0.6401	0.6583	0.6867	0.7324	0.7405
0.5064	0.5585	1.3588	0.4105	2.4529	0.5572	0.6271	0.6503	0.6892	0.7349	0.7390
0.5053	0.5577	1.3540	0.4089	2.4769	0.6103	0.6284	0.6488	0.6825	0.7339	0.7380
0.5057	0.5582	1.3671	0.4114	2.3979	0.6327	0.6378	0.6589	0.6921	0.7351	0.7364
0.5043	0.5564	1.3566	0.4072	2.4114	0.6532	0.6431	0.6596	0.6886	0.7336	0.7403
0.5023	0.5534	1.3645	0.4086	2.3557	0.6352	0.6425	0.6637	0.6975	0.7387	0.7428
0.5028	0.5540	1.3591	0.4084	2.3651	0.6429	0.6460	0.6629	0.6956	0.7414	0.7452
0.5049	0.5571	1.3637	0.4101	2.3967	0.6099	0.6359	0.6574	0.6876	0.7336	0.7387
