Metric: | MAE	| NMAE	| RMSE	| MRE	| NPRE	| NDCG1	| NDCG5	| NDCG10	| NDCG20	| NDCG50	| NDCG100	
Avg:	0.5043	0.5562	1.3620	0.4079	2.3986	0.6237	0.6385	0.6585	0.6909	0.7361	0.7406
Std:	0.0018	0.0022	0.0050	0.0016	0.0379	0.0233	0.0063	0.0050	0.0042	0.0030	0.0026

==========================================
Detailed results for 8 rounds:
0.5076	0.5597	1.3701	0.4105	2.3918	0.6215	0.6385	0.6579	0.6867	0.7327	0.7407
0.5057	0.5577	1.3591	0.4087	2.4410	0.5705	0.6300	0.6522	0.6909	0.7365	0.7401
0.5046	0.5570	1.3545	0.4071	2.4699	0.6185	0.6295	0.6501	0.6848	0.7346	0.7386
0.5053	0.5578	1.3675	0.4100	2.3937	0.6309	0.6406	0.6599	0.6920	0.7355	0.7369
0.5038	0.5558	1.3571	0.4054	2.4021	0.6533	0.6431	0.6611	0.6901	0.7345	0.7407
0.5016	0.5527	1.3645	0.4069	2.3463	0.6374	0.6433	0.6651	0.6980	0.7387	0.7431
0.5020	0.5531	1.3596	0.4067	2.3580	0.6416	0.6485	0.6644	0.6961	0.7426	0.7458
0.5040	0.5562	1.3633	0.4082	2.3860	0.6161	0.6348	0.6572	0.6886	0.7340	0.7386
