Metric: | MAE	| NMAE	| RMSE	| MRE	| NPRE	| NDCG1	| NDCG5	| NDCG10	| NDCG20	| NDCG50	| NDCG100	
Avg:	0.4268	0.4700	1.1795	0.3569	2.1283	0.6757	0.6914	0.7101	0.7415	0.7829	0.7823
Std:	0.0013	0.0014	0.0029	0.0018	0.0300	0.0102	0.0042	0.0038	0.0028	0.0016	0.0012

==========================================
Detailed results for 8 rounds:
0.4285	0.4717	1.1798	0.3600	2.1714	0.6672	0.6917	0.7110	0.7430	0.7841	0.7814
0.4264	0.4699	1.1765	0.3575	2.1176	0.6895	0.6982	0.7162	0.7454	0.7830	0.7837
0.4289	0.4727	1.1805	0.3586	2.1699	0.6821	0.6862	0.7039	0.7365	0.7790	0.7811
0.4249	0.4688	1.1737	0.3566	2.0985	0.6699	0.6926	0.7138	0.7439	0.7844	0.7842
0.4258	0.4689	1.1788	0.3565	2.1440	0.6772	0.6860	0.7065	0.7389	0.7840	0.7815
0.4266	0.4693	1.1825	0.3571	2.1351	0.6799	0.6908	0.7083	0.7424	0.7827	0.7821
0.4258	0.4685	1.1824	0.3550	2.1025	0.6840	0.6967	0.7126	0.7426	0.7839	0.7835
0.4275	0.4705	1.1818	0.3537	2.0876	0.6554	0.6889	0.7081	0.7393	0.7823	0.7810
