Metric: | MAE	| NMAE	| RMSE	| MRE	| NPRE	| NDCG1	| NDCG5	| NDCG10	| NDCG20	| NDCG50	| NDCG100	
Avg:	0.4544	0.5005	1.2452	0.3732	2.2321	0.6665	0.6766	0.6948	0.7264	0.7671	0.7684
Std:	0.0013	0.0012	0.0045	0.0023	0.0180	0.0143	0.0069	0.0050	0.0033	0.0023	0.0012

==========================================
Detailed results for 8 rounds:
0.4557	0.5018	1.2448	0.3736	2.2483	0.6620	0.6803	0.6968	0.7296	0.7683	0.7689
0.4552	0.5013	1.2459	0.3713	2.2170	0.6866	0.6779	0.6942	0.7226	0.7644	0.7700
0.4536	0.5000	1.2403	0.3728	2.2638	0.6487	0.6696	0.6900	0.7230	0.7635	0.7674
0.4543	0.5010	1.2414	0.3777	2.2370	0.6861	0.6901	0.7051	0.7325	0.7712	0.7699
0.4514	0.4976	1.2395	0.3702	2.2331	0.6480	0.6666	0.6873	0.7233	0.7671	0.7666
0.4553	0.5009	1.2532	0.3754	2.2369	0.6613	0.6723	0.6930	0.7271	0.7663	0.7670
0.4547	0.5002	1.2499	0.3734	2.2031	0.6772	0.6808	0.6961	0.7249	0.7684	0.7690
0.4553	0.5014	1.2469	0.3711	2.2173	0.6621	0.6752	0.6961	0.7280	0.7676	0.7685
