Metric: | MAE	| NMAE	| RMSE	| MRE	| NPRE	| NDCG1	| NDCG5	| NDCG10	| NDCG20	| NDCG50	| NDCG100	
Avg:	0.4273	0.4706	1.1792	0.3577	2.1275	0.6774	0.6928	0.7114	0.7430	0.7842	0.7833
Std:	0.0012	0.0012	0.0031	0.0015	0.0219	0.0118	0.0060	0.0039	0.0029	0.0015	0.0012

==========================================
Detailed results for 8 rounds:
0.4281	0.4713	1.1805	0.3577	2.1316	0.6538	0.6891	0.7103	0.7422	0.7843	0.7813
0.4268	0.4704	1.1763	0.3579	2.1169	0.6878	0.7035	0.7189	0.7479	0.7845	0.7849
0.4288	0.4725	1.1779	0.3598	2.1730	0.6752	0.6830	0.7047	0.7377	0.7805	0.7826
0.4257	0.4698	1.1739	0.3588	2.1081	0.6806	0.6960	0.7139	0.7451	0.7854	0.7850
0.4252	0.4683	1.1777	0.3554	2.1308	0.6756	0.6885	0.7084	0.7410	0.7856	0.7824
0.4277	0.4705	1.1824	0.3591	2.1448	0.6907	0.6937	0.7114	0.7447	0.7842	0.7835
0.4273	0.4701	1.1831	0.3577	2.1158	0.6890	0.6979	0.7130	0.7441	0.7850	0.7842
0.4284	0.4715	1.1820	0.3552	2.0988	0.6668	0.6906	0.7106	0.7416	0.7844	0.7825
