Metric: | MAE	| NMAE	| RMSE	| MRE	| NPRE	| NDCG1	| NDCG5	| NDCG10	| NDCG20	| NDCG50	| NDCG100	
Avg:	0.4325	0.4763	1.1809	0.3666	2.1437	0.6749	0.6957	0.7158	0.7488	0.7900	0.7878
Std:	0.0017	0.0017	0.0039	0.0027	0.0287	0.0066	0.0038	0.0026	0.0016	0.0010	0.0011

==========================================
Detailed results for 8 rounds:
0.4340	0.4777	1.1828	0.3674	2.1548	0.6720	0.6928	0.7148	0.7486	0.7900	0.7865
0.4324	0.4765	1.1782	0.3666	2.1392	0.6854	0.7018	0.7205	0.7511	0.7899	0.7889
0.4347	0.4791	1.1794	0.3721	2.2029	0.6758	0.6947	0.7125	0.7475	0.7885	0.7874
0.4290	0.4734	1.1725	0.3644	2.1064	0.6686	0.6972	0.7176	0.7501	0.7913	0.7898
0.4321	0.4758	1.1811	0.3668	2.1467	0.6686	0.6925	0.7139	0.7469	0.7914	0.7875
0.4331	0.4764	1.1844	0.3686	2.1598	0.6783	0.7000	0.7177	0.7511	0.7903	0.7880
0.4309	0.4741	1.1843	0.3640	2.1110	0.6838	0.6969	0.7165	0.7485	0.7904	0.7882
0.4337	0.4773	1.1846	0.3630	2.1289	0.6670	0.6898	0.7125	0.7468	0.7885	0.7863
