Metric: | MAE	| NMAE	| RMSE	| MRE	| NPRE	| NDCG1	| NDCG5	| NDCG10	| NDCG20	| NDCG50	| NDCG100	
Avg:	0.5040	0.5559	1.3627	0.4066	2.3918	0.6279	0.6407	0.6603	0.6928	0.7375	0.7414
Std:	0.0019	0.0023	0.0051	0.0015	0.0388	0.0230	0.0066	0.0053	0.0039	0.0027	0.0025

==========================================
Detailed results for 8 rounds:
0.5073	0.5594	1.3709	0.4091	2.3805	0.6294	0.6411	0.6611	0.6904	0.7340	0.7417
0.5055	0.5575	1.3598	0.4072	2.4391	0.5780	0.6309	0.6528	0.6917	0.7373	0.7407
0.5041	0.5565	1.3548	0.4060	2.4605	0.6144	0.6306	0.6514	0.6858	0.7357	0.7393
0.5052	0.5577	1.3685	0.4087	2.3879	0.6407	0.6421	0.6614	0.6930	0.7371	0.7376
0.5037	0.5558	1.3581	0.4047	2.4011	0.6588	0.6468	0.6638	0.6926	0.7365	0.7420
0.5012	0.5522	1.3648	0.4056	2.3416	0.6419	0.6458	0.6674	0.6991	0.7397	0.7440
0.5015	0.5525	1.3603	0.4054	2.3458	0.6410	0.6498	0.6650	0.6981	0.7434	0.7462
0.5039	0.5560	1.3643	0.4066	2.3777	0.6187	0.6384	0.6593	0.6919	0.7359	0.7401
