Metric: | MAE	| NMAE	| RMSE	| MRE	| NPRE	| NDCG1	| NDCG5	| NDCG10	| NDCG20	| NDCG50	| NDCG100	
Avg:	0.5078	0.5601	1.3777	0.4049	2.3748	0.6434	0.6503	0.6682	0.6991	0.7408	0.7425
Std:	0.0019	0.0023	0.0055	0.0020	0.0370	0.0160	0.0045	0.0039	0.0035	0.0033	0.0024

==========================================
Detailed results for 8 rounds:
0.5117	0.5643	1.3866	0.4079	2.3762	0.6422	0.6511	0.6673	0.6961	0.7360	0.7428
0.5078	0.5600	1.3738	0.4047	2.4079	0.6103	0.6459	0.6668	0.7008	0.7440	0.7439
0.5081	0.5608	1.3703	0.4041	2.4468	0.6378	0.6423	0.6597	0.6926	0.7383	0.7402
0.5096	0.5626	1.3846	0.4079	2.3757	0.6538	0.6535	0.6685	0.6982	0.7373	0.7377
0.5068	0.5591	1.3718	0.4027	2.3799	0.6540	0.6480	0.6678	0.6981	0.7390	0.7420
0.5051	0.5566	1.3802	0.4024	2.3256	0.6660	0.6543	0.6728	0.7038	0.7434	0.7446
0.5062	0.5577	1.3783	0.4055	2.3327	0.6508	0.6571	0.6710	0.6999	0.7454	0.7458
0.5073	0.5597	1.3758	0.4037	2.3537	0.6322	0.6502	0.6720	0.7035	0.7432	0.7432
