Metric: | MAE	| NMAE	| RMSE	| MRE	| NPRE	| NDCG1	| NDCG5	| NDCG10	| NDCG20	| NDCG50	| NDCG100	
Avg:	0.4535	0.4995	1.2449	0.3720	2.2286	0.6608	0.6727	0.6915	0.7232	0.7650	0.7670
Std:	0.0011	0.0010	0.0045	0.0020	0.0231	0.0123	0.0055	0.0044	0.0032	0.0023	0.0011

==========================================
Detailed results for 8 rounds:
0.4545	0.5005	1.2448	0.3715	2.2425	0.6597	0.6740	0.6932	0.7253	0.7647	0.7671
0.4548	0.5009	1.2458	0.3719	2.2257	0.6730	0.6745	0.6921	0.7205	0.7630	0.7683
0.4534	0.4998	1.2407	0.3730	2.2689	0.6481	0.6656	0.6866	0.7185	0.7610	0.7653
0.4530	0.4996	1.2405	0.3761	2.2276	0.6847	0.6845	0.7001	0.7289	0.7688	0.7687
0.4512	0.4973	1.2391	0.3697	2.2435	0.6440	0.6672	0.6861	0.7221	0.7663	0.7660
0.4542	0.4997	1.2534	0.3729	2.2292	0.6576	0.6689	0.6877	0.7233	0.7637	0.7658
0.4531	0.4985	1.2488	0.3721	2.1913	0.6641	0.6723	0.6912	0.7209	0.7660	0.7672
0.4537	0.4995	1.2458	0.3691	2.1998	0.6551	0.6744	0.6948	0.7260	0.7664	0.7673
