Metric: | MAE	| NMAE	| RMSE	| MRE	| NPRE	| NDCG1	| NDCG5	| NDCG10	| NDCG20	| NDCG50	| NDCG100	
Avg:	0.4526	0.4985	1.2448	0.3715	2.2327	0.6590	0.6684	0.6874	0.7192	0.7620	0.7649
Std:	0.0011	0.0010	0.0045	0.0027	0.0187	0.0140	0.0054	0.0039	0.0025	0.0020	0.0008

==========================================
Detailed results for 8 rounds:
0.4536	0.4995	1.2437	0.3718	2.2481	0.6626	0.6711	0.6874	0.7219	0.7617	0.7654
0.4535	0.4994	1.2449	0.3711	2.2272	0.6701	0.6670	0.6859	0.7157	0.7590	0.7658
0.4515	0.4977	1.2397	0.3698	2.2593	0.6503	0.6625	0.6846	0.7164	0.7601	0.7643
0.4531	0.4997	1.2411	0.3777	2.2398	0.6679	0.6787	0.6949	0.7223	0.7650	0.7655
0.4503	0.4964	1.2397	0.3689	2.2454	0.6353	0.6636	0.6824	0.7182	0.7630	0.7640
0.4532	0.4986	1.2533	0.3723	2.2325	0.6433	0.6617	0.6838	0.7181	0.7598	0.7635
0.4527	0.4981	1.2494	0.3721	2.2030	0.6805	0.6703	0.6887	0.7191	0.7641	0.7655
0.4528	0.4986	1.2467	0.3683	2.2060	0.6617	0.6721	0.6913	0.7222	0.7633	0.7654
