Metric: | MAE	| NMAE	| RMSE	| MRE	| NPRE	| NDCG1	| NDCG5	| NDCG10	| NDCG20	| NDCG50	| NDCG100	
Avg:	0.4567	0.5030	1.2497	0.3744	2.2399	0.6671	0.6776	0.6962	0.7275	0.7680	0.7687
Std:	0.0012	0.0013	0.0043	0.0031	0.0279	0.0128	0.0053	0.0048	0.0037	0.0018	0.0008

==========================================
Detailed results for 8 rounds:
0.4579	0.5043	1.2493	0.3748	2.2555	0.6649	0.6814	0.6978	0.7304	0.7689	0.7687
0.4571	0.5034	1.2498	0.3719	2.2272	0.6800	0.6773	0.6956	0.7233	0.7652	0.7697
0.4571	0.5039	1.2452	0.3769	2.2930	0.6552	0.6754	0.6949	0.7262	0.7654	0.7680
0.4574	0.5045	1.2467	0.3802	2.2521	0.6856	0.6883	0.7061	0.7341	0.7710	0.7695
0.4537	0.5001	1.2437	0.3710	2.2416	0.6438	0.6691	0.6884	0.7238	0.7682	0.7675
0.4573	0.5032	1.2573	0.3765	2.2441	0.6654	0.6750	0.6945	0.7279	0.7678	0.7680
0.4564	0.5021	1.2542	0.3734	2.1962	0.6774	0.6747	0.6934	0.7235	0.7681	0.7682
0.4568	0.5029	1.2513	0.3704	2.2094	0.6642	0.6796	0.6993	0.7306	0.7693	0.7695
