Metric: | MAE	| NMAE	| RMSE	| MRE	| NPRE	| NDCG1	| NDCG5	| NDCG10	| NDCG20	| NDCG50	| NDCG100	
Avg:	0.4312	0.4749	1.1859	0.3596	2.1445	0.6785	0.6948	0.7135	0.7454	0.7860	0.7848
Std:	0.0013	0.0012	0.0035	0.0017	0.0293	0.0070	0.0046	0.0034	0.0025	0.0015	0.0009

==========================================
Detailed results for 8 rounds:
0.4336	0.4773	1.1872	0.3624	2.1894	0.6758	0.7001	0.7176	0.7499	0.7880	0.7847
0.4304	0.4743	1.1837	0.3588	2.1256	0.6934	0.7024	0.7189	0.7480	0.7862	0.7860
0.4316	0.4757	1.1834	0.3602	2.1737	0.6808	0.6883	0.7086	0.7423	0.7825	0.7849
0.4288	0.4732	1.1790	0.3594	2.1088	0.6758	0.6974	0.7156	0.7469	0.7867	0.7861
0.4309	0.4745	1.1855	0.3600	2.1645	0.6715	0.6911	0.7099	0.7427	0.7870	0.7836
0.4318	0.4750	1.1898	0.3608	2.1619	0.6816	0.6929	0.7119	0.7452	0.7856	0.7846
0.4306	0.4737	1.1895	0.3587	2.1199	0.6804	0.6956	0.7134	0.7449	0.7861	0.7850
0.4322	0.4757	1.1890	0.3561	2.1123	0.6691	0.6903	0.7120	0.7438	0.7859	0.7836
