Metric: | MAE	| NMAE	| RMSE	| MRE	| NPRE	| NDCG1	| NDCG5	| NDCG10	| NDCG20	| NDCG50	| NDCG100	
Avg:	0.4331	0.4769	1.1934	0.3579	2.1638	0.6750	0.6917	0.7097	0.7411	0.7820	0.7815
Std:	0.0010	0.0009	0.0036	0.0014	0.0265	0.0074	0.0048	0.0039	0.0029	0.0018	0.0010

==========================================
Detailed results for 8 rounds:
0.4341	0.4779	1.1934	0.3586	2.1894	0.6709	0.6946	0.7128	0.7439	0.7839	0.7817
0.4329	0.4770	1.1910	0.3587	2.1516	0.6915	0.6991	0.7150	0.7439	0.7825	0.7828
0.4342	0.4785	1.1922	0.3586	2.1960	0.6718	0.6830	0.7037	0.7360	0.7776	0.7807
0.4308	0.4753	1.1857	0.3583	2.1362	0.6744	0.6934	0.7127	0.7443	0.7834	0.7828
0.4332	0.4771	1.1939	0.3593	2.1992	0.6666	0.6855	0.7042	0.7373	0.7825	0.7799
0.4330	0.4763	1.1975	0.3574	2.1662	0.6815	0.6919	0.7079	0.7422	0.7819	0.7815
0.4329	0.4763	1.1971	0.3576	2.1460	0.6727	0.6933	0.7099	0.7407	0.7815	0.7819
0.4336	0.4772	1.1961	0.3546	2.1260	0.6706	0.6928	0.7116	0.7406	0.7830	0.7806
