Metric: | MAE	| NMAE	| RMSE	| MRE	| NPRE	| NDCG1	| NDCG5	| NDCG10	| NDCG20	| NDCG50	| NDCG100	
Avg:	0.4120	0.4537	1.1434	0.3473	2.0417	0.6880	0.7020	0.7218	0.7548	0.7949	0.7932
Std:	0.0011	0.0011	0.0031	0.0021	0.0285	0.0080	0.0055	0.0042	0.0032	0.0016	0.0016

==========================================
Detailed results for 8 rounds:
0.4127	0.4543	1.1393	0.3481	2.0696	0.6813	0.7022	0.7233	0.7568	0.7977	0.7948
0.4120	0.4540	1.1421	0.3464	2.0455	0.7042	0.7090	0.7288	0.7597	0.7945	0.7942
0.4132	0.4554	1.1419	0.3487	2.0920	0.6889	0.7010	0.7208	0.7528	0.7937	0.7935
0.4106	0.4530	1.1401	0.3506	2.0185	0.6793	0.7004	0.7208	0.7529	0.7934	0.7935
0.4118	0.4534	1.1437	0.3483	2.0486	0.6814	0.6950	0.7166	0.7497	0.7937	0.7908
0.4129	0.4540	1.1495	0.3475	2.0413	0.6864	0.6941	0.7153	0.7522	0.7934	0.7904
0.4100	0.4513	1.1449	0.3441	1.9936	0.6969	0.7110	0.7259	0.7580	0.7968	0.7945
0.4127	0.4540	1.1459	0.3444	2.0248	0.6859	0.7031	0.7229	0.7559	0.7961	0.7939
