Metric: | MAE	| NMAE	| RMSE	| MRE	| NPRE	| NDCG1	| NDCG5	| NDCG10	| NDCG20	| NDCG50	| NDCG100	
Avg:	0.4145	0.4564	1.1438	0.3516	2.0428	0.6900	0.7046	0.7245	0.7581	0.7990	0.7967
Std:	0.0012	0.0010	0.0033	0.0016	0.0225	0.0081	0.0054	0.0045	0.0030	0.0017	0.0018

==========================================
Detailed results for 8 rounds:
0.4154	0.4573	1.1401	0.3536	2.0637	0.6810	0.7058	0.7258	0.7598	0.8021	0.7984
0.4154	0.4577	1.1435	0.3528	2.0586	0.7064	0.7138	0.7325	0.7628	0.7997	0.7977
0.4131	0.4553	1.1411	0.3496	2.0655	0.6839	0.7026	0.7234	0.7562	0.7973	0.7964
0.4126	0.4552	1.1403	0.3520	2.0187	0.6880	0.7037	0.7234	0.7562	0.7971	0.7970
0.4148	0.4567	1.1445	0.3531	2.0470	0.6834	0.7011	0.7203	0.7548	0.7985	0.7949
0.4160	0.4573	1.1507	0.3521	2.0582	0.6920	0.6954	0.7171	0.7542	0.7971	0.7932
0.4133	0.4549	1.1450	0.3509	1.9992	0.6984	0.7114	0.7291	0.7613	0.8006	0.7985
0.4152	0.4566	1.1455	0.3490	2.0318	0.6868	0.7029	0.7244	0.7593	0.7997	0.7979
