Metric: | MAE	| NMAE	| RMSE	| MRE	| NPRE	| NDCG1	| NDCG5	| NDCG10	| NDCG20	| NDCG50	| NDCG100	
Avg:	0.4186	0.4610	1.1599	0.3462	2.0950	0.6845	0.7005	0.7198	0.7515	0.7913	0.7900
Std:	0.0012	0.0011	0.0035	0.0015	0.0297	0.0059	0.0045	0.0039	0.0031	0.0019	0.0017

==========================================
Detailed results for 8 rounds:
0.4204	0.4628	1.1569	0.3480	2.1288	0.6857	0.7040	0.7241	0.7548	0.7951	0.7919
0.4184	0.4611	1.1590	0.3462	2.0894	0.6890	0.7050	0.7242	0.7542	0.7909	0.7903
0.4191	0.4619	1.1581	0.3465	2.1421	0.6772	0.6960	0.7168	0.7481	0.7886	0.7887
0.4168	0.4599	1.1549	0.3479	2.0689	0.6943	0.7032	0.7213	0.7530	0.7917	0.7920
0.4187	0.4609	1.1600	0.3472	2.1099	0.6877	0.6993	0.7164	0.7476	0.7910	0.7884
0.4199	0.4616	1.1667	0.3462	2.1019	0.6792	0.6913	0.7126	0.7471	0.7890	0.7869
0.4169	0.4589	1.1610	0.3442	2.0507	0.6867	0.7048	0.7226	0.7538	0.7923	0.7911
0.4190	0.4608	1.1629	0.3434	2.0681	0.6764	0.7002	0.7207	0.7536	0.7922	0.7905
