Metric: | MAE	| NMAE	| RMSE	| MRE	| NPRE	| NDCG1	| NDCG5	| NDCG10	| NDCG20	| NDCG50	| NDCG100	
Avg:	0.4280	0.4714	1.1794	0.3586	2.1263	0.6804	0.6937	0.7126	0.7446	0.7856	0.7843
Std:	0.0014	0.0015	0.0034	0.0020	0.0287	0.0110	0.0057	0.0042	0.0031	0.0012	0.0014

==========================================
Detailed results for 8 rounds:
0.4295	0.4728	1.1806	0.3602	2.1446	0.6618	0.6901	0.7107	0.7440	0.7853	0.7826
0.4270	0.4705	1.1764	0.3572	2.1047	0.6995	0.7057	0.7222	0.7505	0.7870	0.7864
0.4304	0.4744	1.1792	0.3624	2.1898	0.6809	0.6877	0.7080	0.7407	0.7831	0.7838
0.4260	0.4700	1.1726	0.3588	2.0994	0.6831	0.6968	0.7157	0.7473	0.7868	0.7863
0.4268	0.4701	1.1783	0.3588	2.1334	0.6752	0.6889	0.7098	0.7422	0.7867	0.7839
0.4276	0.4703	1.1826	0.3580	2.1265	0.6875	0.6942	0.7119	0.7462	0.7861	0.7847
0.4278	0.4706	1.1834	0.3579	2.1149	0.6867	0.6970	0.7126	0.7443	0.7856	0.7848
0.4289	0.4721	1.1821	0.3551	2.0972	0.6687	0.6890	0.7099	0.7415	0.7845	0.7823
