Metric: | MAE	| NMAE	| RMSE	| MRE	| NPRE	| NDCG1	| NDCG5	| NDCG10	| NDCG20	| NDCG50	| NDCG100	
Avg:	0.5173	0.5705	1.4081	0.4097	2.4085	0.6166	0.6353	0.6562	0.6882	0.7327	0.7369
Std:	0.0016	0.0020	0.0049	0.0022	0.0347	0.0250	0.0101	0.0070	0.0041	0.0028	0.0029

==========================================
Detailed results for 8 rounds:
0.5205	0.5739	1.4164	0.4124	2.4037	0.6292	0.6439	0.6626	0.6894	0.7315	0.7391
0.5178	0.5710	1.4046	0.4121	2.4462	0.5559	0.6133	0.6433	0.6823	0.7298	0.7330
0.5175	0.5712	1.4015	0.4081	2.4772	0.6184	0.6294	0.6483	0.6829	0.7324	0.7346
0.5186	0.5725	1.4136	0.4119	2.4037	0.6209	0.6417	0.6613	0.6916	0.7323	0.7338
0.5162	0.5696	1.4022	0.4074	2.4083	0.6438	0.6373	0.6548	0.6867	0.7316	0.7366
0.5146	0.5670	1.4098	0.4067	2.3639	0.6224	0.6407	0.6622	0.6939	0.7343	0.7404
0.5165	0.5691	1.4091	0.4107	2.3759	0.6340	0.6464	0.6637	0.6927	0.7394	0.7416
0.5167	0.5701	1.4076	0.4084	2.3893	0.6083	0.6294	0.6537	0.6864	0.7302	0.7361
