Metric: | MAE	| NMAE	| RMSE	| MRE	| NPRE	| NDCG1	| NDCG5	| NDCG10	| NDCG20	| NDCG50	| NDCG100	
Avg:	0.4340	0.4780	1.1830	0.3675	2.1554	0.6805	0.6956	0.7154	0.7488	0.7900	0.7877
Std:	0.0013	0.0013	0.0029	0.0022	0.0276	0.0075	0.0038	0.0029	0.0020	0.0014	0.0007

==========================================
Detailed results for 8 rounds:
0.4357	0.4796	1.1840	0.3692	2.1873	0.6683	0.6971	0.7165	0.7504	0.7913	0.7874
0.4349	0.4793	1.1816	0.3698	2.1562	0.6870	0.7004	0.7191	0.7508	0.7895	0.7879
0.4344	0.4787	1.1812	0.3688	2.1899	0.6834	0.6879	0.7089	0.7446	0.7869	0.7868
0.4316	0.4763	1.1771	0.3663	2.1192	0.6892	0.6975	0.7161	0.7497	0.7911	0.7891
0.4337	0.4776	1.1818	0.3690	2.1755	0.6770	0.6934	0.7130	0.7481	0.7918	0.7876
0.4343	0.4777	1.1863	0.3685	2.1646	0.6814	0.6970	0.7170	0.7507	0.7899	0.7879
0.4325	0.4758	1.1854	0.3642	2.1145	0.6876	0.6993	0.7167	0.7479	0.7897	0.7882
0.4348	0.4786	1.1863	0.3640	2.1356	0.6701	0.6925	0.7156	0.7480	0.7899	0.7870
