Metric: | MAE	| NMAE	| RMSE	| MRE	| NPRE	| NDCG1	| NDCG5	| NDCG10	| NDCG20	| NDCG50	| NDCG100	
Avg:	0.5091	0.5615	1.3741	0.4088	2.3830	0.6458	0.6487	0.6674	0.6982	0.7398	0.7408
Std:	0.0021	0.0026	0.0053	0.0019	0.0375	0.0120	0.0034	0.0035	0.0035	0.0034	0.0029

==========================================
Detailed results for 8 rounds:
0.5129	0.5655	1.3821	0.4116	2.3839	0.6358	0.6503	0.6683	0.6976	0.7377	0.7417
0.5095	0.5619	1.3712	0.4087	2.4076	0.6232	0.6460	0.6673	0.6993	0.7429	0.7427
0.5101	0.5631	1.3665	0.4099	2.4603	0.6418	0.6427	0.6623	0.6944	0.7383	0.7397
0.5108	0.5639	1.3817	0.4112	2.3880	0.6533	0.6476	0.6631	0.6945	0.7342	0.7340
0.5081	0.5606	1.3690	0.4064	2.3855	0.6512	0.6474	0.6659	0.6951	0.7364	0.7403
0.5061	0.5576	1.3759	0.4065	2.3347	0.6661	0.6546	0.6732	0.7034	0.7415	0.7432
0.5065	0.5580	1.3739	0.4081	2.3381	0.6500	0.6503	0.6673	0.6978	0.7431	0.7437
0.5089	0.5616	1.3724	0.4077	2.3656	0.6450	0.6510	0.6719	0.7036	0.7440	0.7411
