Metric: | MAE	| NMAE	| RMSE	| MRE	| NPRE	| NDCG1	| NDCG5	| NDCG10	| NDCG20	| NDCG50	| NDCG100	
Avg:	0.4311	0.4747	1.1824	0.3620	2.1357	0.6784	0.6946	0.7144	0.7471	0.7879	0.7861
Std:	0.0014	0.0013	0.0039	0.0020	0.0207	0.0074	0.0037	0.0024	0.0014	0.0008	0.0011

==========================================
Detailed results for 8 rounds:
0.4334	0.4771	1.1854	0.3653	2.1631	0.6755	0.6986	0.7172	0.7490	0.7887	0.7852
0.4312	0.4752	1.1798	0.3625	2.1356	0.6753	0.6991	0.7175	0.7482	0.7869	0.7861
0.4304	0.4744	1.1794	0.3608	2.1506	0.6868	0.6943	0.7139	0.7462	0.7870	0.7869
0.4281	0.4724	1.1748	0.3607	2.1049	0.6725	0.6955	0.7151	0.7473	0.7886	0.7879
0.4306	0.4742	1.1822	0.3629	2.1555	0.6739	0.6868	0.7095	0.7441	0.7879	0.7843
0.4322	0.4754	1.1872	0.3642	2.1484	0.6808	0.6943	0.7126	0.7465	0.7868	0.7853
0.4308	0.4740	1.1853	0.3612	2.1157	0.6929	0.6966	0.7155	0.7485	0.7887	0.7874
0.4318	0.4752	1.1851	0.3585	2.1121	0.6698	0.6913	0.7138	0.7469	0.7882	0.7857
