Metric: | MAE	| NMAE	| RMSE	| MRE	| NPRE	| NDCG1	| NDCG5	| NDCG10	| NDCG20	| NDCG50	| NDCG100	
Avg:	0.4320	0.4758	1.1905	0.3577	2.1531	0.6746	0.6925	0.7112	0.7430	0.7838	0.7828
Std:	0.0010	0.0008	0.0038	0.0015	0.0243	0.0065	0.0033	0.0032	0.0022	0.0016	0.0010

==========================================
Detailed results for 8 rounds:
0.4331	0.4767	1.1905	0.3583	2.1795	0.6624	0.6924	0.7116	0.7445	0.7855	0.7823
0.4319	0.4759	1.1881	0.3585	2.1474	0.6735	0.6971	0.7162	0.7453	0.7841	0.7836
0.4325	0.4767	1.1885	0.3584	2.1773	0.6773	0.6869	0.7064	0.7393	0.7800	0.7827
0.4298	0.4742	1.1827	0.3585	2.1278	0.6774	0.6952	0.7145	0.7463	0.7852	0.7848
0.4322	0.4759	1.1907	0.3595	2.1877	0.6766	0.6885	0.7089	0.7403	0.7844	0.7814
0.4324	0.4756	1.1952	0.3584	2.1550	0.6831	0.6918	0.7072	0.7423	0.7831	0.7825
0.4315	0.4747	1.1946	0.3551	2.1264	0.6802	0.6959	0.7125	0.7432	0.7840	0.7832
0.4329	0.4764	1.1934	0.3552	2.1237	0.6664	0.6921	0.7124	0.7424	0.7846	0.7819
