Metric: | MAE	| NMAE	| RMSE	| MRE	| NPRE	| NDCG1	| NDCG5	| NDCG10	| NDCG20	| NDCG50	| NDCG100	
Avg:	0.4334	0.4773	1.1803	0.3689	2.1489	0.6779	0.6965	0.7172	0.7504	0.7914	0.7888
Std:	0.0014	0.0013	0.0039	0.0013	0.0225	0.0102	0.0042	0.0022	0.0019	0.0010	0.0008

==========================================
Detailed results for 8 rounds:
0.4347	0.4786	1.1819	0.3694	2.1572	0.6937	0.6987	0.7191	0.7513	0.7929	0.7883
0.4339	0.4781	1.1782	0.3705	2.1502	0.6874	0.7026	0.7203	0.7529	0.7904	0.7900
0.4333	0.4776	1.1768	0.3686	2.1775	0.6829	0.6942	0.7156	0.7504	0.7908	0.7890
0.4302	0.4748	1.1735	0.3680	2.1130	0.6730	0.6933	0.7152	0.7489	0.7914	0.7893
0.4333	0.4772	1.1786	0.3705	2.1767	0.6635	0.6902	0.7138	0.7477	0.7926	0.7886
0.4339	0.4773	1.1852	0.3695	2.1607	0.6794	0.7010	0.7189	0.7527	0.7917	0.7877
0.4325	0.4758	1.1835	0.3682	2.1211	0.6805	0.6992	0.7189	0.7512	0.7913	0.7896
0.4350	0.4788	1.1844	0.3662	2.1351	0.6630	0.6925	0.7155	0.7478	0.7897	0.7881
