Metric: | MAE	| NMAE	| RMSE	| MRE	| NPRE	| NDCG1	| NDCG5	| NDCG10	| NDCG20	| NDCG50	| NDCG100	
Avg:	0.5116	0.5642	1.3745	0.4119	2.3978	0.6444	0.6506	0.6688	0.6993	0.7403	0.7399
Std:	0.0024	0.0028	0.0063	0.0016	0.0356	0.0138	0.0051	0.0045	0.0041	0.0043	0.0030

==========================================
Detailed results for 8 rounds:
0.5161	0.5691	1.3849	0.4152	2.3922	0.6268	0.6450	0.6635	0.6943	0.7350	0.7386
0.5122	0.5648	1.3710	0.4119	2.4367	0.6291	0.6505	0.6681	0.7010	0.7432	0.7423
0.5111	0.5642	1.3652	0.4113	2.4610	0.6327	0.6439	0.6610	0.6931	0.7359	0.7384
0.5141	0.5675	1.3829	0.4133	2.4073	0.6591	0.6531	0.6703	0.6983	0.7363	0.7335
0.5099	0.5626	1.3682	0.4100	2.4031	0.6421	0.6451	0.6679	0.6972	0.7373	0.7401
0.5085	0.5603	1.3756	0.4109	2.3480	0.6667	0.6590	0.6755	0.7055	0.7447	0.7422
0.5096	0.5614	1.3743	0.4126	2.3593	0.6554	0.6545	0.6711	0.7006	0.7456	0.7438
0.5110	0.5639	1.3741	0.4103	2.3746	0.6432	0.6533	0.6728	0.7044	0.7447	0.7400
