Metric: | MAE	| NMAE	| RMSE	| MRE	| NPRE	| NDCG1	| NDCG5	| NDCG10	| NDCG20	| NDCG50	| NDCG100	
Avg:	0.5057	0.5578	1.3617	0.4115	2.4153	0.6152	0.6352	0.6557	0.6883	0.7343	0.7394
Std:	0.0019	0.0023	0.0049	0.0017	0.0400	0.0281	0.0071	0.0053	0.0049	0.0029	0.0027

==========================================
Detailed results for 8 rounds:
0.5089	0.5611	1.3696	0.4140	2.4084	0.6250	0.6382	0.6549	0.6841	0.7313	0.7400
0.5076	0.5598	1.3592	0.4132	2.4663	0.5503	0.6231	0.6481	0.6874	0.7337	0.7377
0.5062	0.5587	1.3542	0.4110	2.4878	0.6107	0.6250	0.6473	0.6811	0.7332	0.7373
0.5063	0.5589	1.3667	0.4130	2.4027	0.6154	0.6372	0.6583	0.6907	0.7342	0.7362
0.5051	0.5573	1.3568	0.4091	2.4193	0.6477	0.6402	0.6579	0.6866	0.7327	0.7397
0.5031	0.5543	1.3645	0.4103	2.3628	0.6279	0.6401	0.6628	0.6965	0.7378	0.7421
0.5031	0.5544	1.3587	0.4096	2.3723	0.6403	0.6444	0.6614	0.6946	0.7402	0.7447
0.5054	0.5577	1.3637	0.4116	2.4027	0.6042	0.6333	0.6548	0.6851	0.7317	0.7376
