Metric: | MAE	| NMAE	| RMSE	| MRE	| NPRE	| NDCG1	| NDCG5	| NDCG10	| NDCG20	| NDCG50	| NDCG100	
Avg:	0.5151	0.5682	1.3769	0.4168	2.4203	0.6483	0.6509	0.6681	0.6984	0.7391	0.7384
Std:	0.0024	0.0028	0.0063	0.0020	0.0420	0.0139	0.0051	0.0050	0.0046	0.0042	0.0035

==========================================
Detailed results for 8 rounds:
0.5182	0.5714	1.3868	0.4190	2.4145	0.6452	0.6487	0.6645	0.6932	0.7347	0.7385
0.5172	0.5704	1.3743	0.4183	2.4792	0.6169	0.6461	0.6649	0.6976	0.7412	0.7398
0.5157	0.5693	1.3691	0.4187	2.4878	0.6500	0.6462	0.6629	0.6950	0.7389	0.7376
0.5173	0.5710	1.3856	0.4182	2.4274	0.6573	0.6516	0.6650	0.6952	0.7321	0.7298
0.5121	0.5650	1.3688	0.4133	2.4092	0.6475	0.6451	0.6658	0.6961	0.7357	0.7389
0.5131	0.5653	1.3793	0.4171	2.3757	0.6694	0.6603	0.6763	0.7052	0.7422	0.7414
0.5116	0.5637	1.3752	0.4143	2.3589	0.6485	0.6520	0.6696	0.6982	0.7424	0.7409
0.5158	0.5692	1.3760	0.4157	2.4101	0.6518	0.6570	0.6760	0.7067	0.7454	0.7406
