Metric: | MAE	| NMAE	| RMSE	| MRE	| NPRE	| NDCG1	| NDCG5	| NDCG10	| NDCG20	| NDCG50	| NDCG100	
Avg:	0.4562	0.5025	1.2470	0.3755	2.2370	0.6671	0.6781	0.6966	0.7280	0.7685	0.7692
Std:	0.0013	0.0014	0.0046	0.0027	0.0253	0.0094	0.0053	0.0040	0.0031	0.0020	0.0012

==========================================
Detailed results for 8 rounds:
0.4568	0.5030	1.2462	0.3750	2.2412	0.6691	0.6823	0.6998	0.7318	0.7693	0.7704
0.4570	0.5033	1.2483	0.3737	2.2274	0.6797	0.6816	0.6980	0.7256	0.7669	0.7706
0.4557	0.5023	1.2412	0.3776	2.2844	0.6470	0.6703	0.6924	0.7240	0.7646	0.7674
0.4570	0.5040	1.2445	0.3816	2.2501	0.6750	0.6860	0.7037	0.7330	0.7718	0.7704
0.4535	0.4999	1.2405	0.3732	2.2479	0.6631	0.6701	0.6896	0.7254	0.7692	0.7679
0.4565	0.5022	1.2548	0.3757	2.2304	0.6650	0.6782	0.6958	0.7297	0.7684	0.7683
0.4552	0.5008	1.2508	0.3733	2.1889	0.6741	0.6797	0.6963	0.7257	0.7695	0.7699
0.4579	0.5042	1.2496	0.3739	2.2255	0.6636	0.6764	0.6970	0.7284	0.7682	0.7691
