Metric: | MAE	| NMAE	| RMSE	| MRE	| NPRE	| NDCG1	| NDCG5	| NDCG10	| NDCG20	| NDCG50	| NDCG100	
Avg:	0.4296	0.4730	1.1869	0.3507	2.1901	0.6712	0.6884	0.7062	0.7380	0.7780	0.7789
Std:	0.0007	0.0005	0.0034	0.0017	0.0195	0.0056	0.0044	0.0041	0.0028	0.0021	0.0011

==========================================
Detailed results for 8 rounds:
0.4306	0.4741	1.1837	0.3514	2.2071	0.6734	0.6905	0.7094	0.7407	0.7815	0.7802
0.4294	0.4732	1.1861	0.3509	2.1893	0.6747	0.6906	0.7065	0.7384	0.7769	0.7790
0.4296	0.4735	1.1848	0.3503	2.2219	0.6593	0.6828	0.7021	0.7346	0.7761	0.7784
0.4282	0.4724	1.1822	0.3528	2.1750	0.6763	0.6898	0.7087	0.7398	0.7776	0.7805
0.4298	0.4732	1.1864	0.3525	2.2021	0.6744	0.6885	0.7035	0.7344	0.7778	0.7780
0.4301	0.4728	1.1928	0.3489	2.1936	0.6673	0.6820	0.6997	0.7350	0.7748	0.7769
0.4296	0.4729	1.1888	0.3511	2.1758	0.6675	0.6865	0.7060	0.7385	0.7785	0.7784
0.4294	0.4723	1.1905	0.3475	2.1563	0.6763	0.6965	0.7135	0.7423	0.7811	0.7797
