Metric: | MAE	| NMAE	| RMSE	| MRE	| NPRE	| NDCG1	| NDCG5	| NDCG10	| NDCG20	| NDCG50	| NDCG100	
Avg:	0.4527	0.4986	1.2455	0.3720	2.2377	0.6579	0.6671	0.6855	0.7175	0.7603	0.7638
Std:	0.0012	0.0012	0.0045	0.0023	0.0206	0.0169	0.0064	0.0049	0.0028	0.0023	0.0011

==========================================
Detailed results for 8 rounds:
0.4547	0.5007	1.2452	0.3734	2.2695	0.6543	0.6699	0.6846	0.7189	0.7589	0.7636
0.4533	0.4992	1.2453	0.3714	2.2337	0.6680	0.6653	0.6847	0.7142	0.7576	0.7647
0.4514	0.4976	1.2402	0.3694	2.2633	0.6436	0.6618	0.6812	0.7139	0.7583	0.7635
0.4525	0.4990	1.2420	0.3769	2.2290	0.6829	0.6796	0.6945	0.7224	0.7641	0.7650
0.4505	0.4966	1.2399	0.3697	2.2509	0.6341	0.6588	0.6791	0.7156	0.7600	0.7620
0.4530	0.4984	1.2539	0.3728	2.2326	0.6417	0.6605	0.6815	0.7168	0.7583	0.7623
0.4526	0.4979	1.2496	0.3725	2.2073	0.6802	0.6706	0.6882	0.7186	0.7632	0.7648
0.4535	0.4993	1.2475	0.3704	2.2154	0.6585	0.6703	0.6902	0.7199	0.7620	0.7646
