Metric: | MAE	| NMAE	| RMSE	| MRE	| NPRE	| NDCG1	| NDCG5	| NDCG10	| NDCG20	| NDCG50	| NDCG100	
Avg:	0.4228	0.4656	1.1709	0.3473	2.1351	0.6802	0.6963	0.7149	0.7464	0.7858	0.7854
Std:	0.0007	0.0006	0.0034	0.0013	0.0237	0.0038	0.0045	0.0038	0.0030	0.0023	0.0016

==========================================
Detailed results for 8 rounds:
0.4233	0.4661	1.1669	0.3476	2.1454	0.6754	0.7015	0.7202	0.7499	0.7905	0.7875
0.4232	0.4664	1.1702	0.3488	2.1509	0.6859	0.6980	0.7163	0.7483	0.7852	0.7856
0.4231	0.4664	1.1693	0.3473	2.1782	0.6736	0.6914	0.7126	0.7431	0.7831	0.7844
0.4213	0.4647	1.1661	0.3491	2.1166	0.6836	0.6988	0.7163	0.7472	0.7854	0.7870
0.4226	0.4652	1.1703	0.3480	2.1418	0.6818	0.6950	0.7113	0.7423	0.7850	0.7838
0.4234	0.4655	1.1769	0.3457	2.1389	0.6791	0.6872	0.7076	0.7429	0.7833	0.7825
0.4223	0.4648	1.1730	0.3471	2.1086	0.6811	0.6976	0.7171	0.7480	0.7862	0.7857
0.4233	0.4656	1.1743	0.3450	2.1006	0.6809	0.7004	0.7181	0.7499	0.7880	0.7864
