Metric: | MAE	| NMAE	| RMSE	| MRE	| NPRE	| NDCG1	| NDCG5	| NDCG10	| NDCG20	| NDCG50	| NDCG100	
Avg:	0.4160	0.4581	1.1469	0.3520	2.0593	0.6870	0.7042	0.7237	0.7571	0.7985	0.7962
Std:	0.0011	0.0010	0.0034	0.0014	0.0285	0.0106	0.0060	0.0049	0.0034	0.0017	0.0018

==========================================
Detailed results for 8 rounds:
0.4166	0.4586	1.1423	0.3529	2.0742	0.6870	0.7056	0.7254	0.7587	0.8017	0.7979
0.4163	0.4587	1.1454	0.3532	2.0686	0.7042	0.7132	0.7313	0.7615	0.7984	0.7973
0.4171	0.4597	1.1465	0.3541	2.1130	0.6977	0.7076	0.7252	0.7573	0.7974	0.7969
0.4143	0.4570	1.1426	0.3528	2.0264	0.6846	0.7023	0.7230	0.7559	0.7974	0.7969
0.4149	0.4568	1.1471	0.3507	2.0600	0.6677	0.6959	0.7164	0.7507	0.7962	0.7932
0.4170	0.4584	1.1533	0.3518	2.0729	0.6814	0.6958	0.7163	0.7538	0.7969	0.7932
0.4148	0.4566	1.1486	0.3511	2.0176	0.6931	0.7112	0.7282	0.7612	0.8001	0.7977
0.4169	0.4585	1.1496	0.3494	2.0416	0.6802	0.7019	0.7238	0.7574	0.7995	0.7968
