Metric: | MAE	| NMAE	| RMSE	| MRE	| NPRE	| NDCG1	| NDCG5	| NDCG10	| NDCG20	| NDCG50	| NDCG100	
Avg:	0.4529	0.4988	1.2447	0.3718	2.2307	0.6615	0.6722	0.6904	0.7217	0.7636	0.7661
Std:	0.0010	0.0010	0.0044	0.0022	0.0200	0.0161	0.0066	0.0051	0.0034	0.0026	0.0011

==========================================
Detailed results for 8 rounds:
0.4540	0.4999	1.2439	0.3719	2.2461	0.6557	0.6727	0.6916	0.7237	0.7632	0.7658
0.4539	0.4999	1.2454	0.3719	2.2313	0.6736	0.6710	0.6878	0.7161	0.7599	0.7667
0.4520	0.4983	1.2400	0.3710	2.2633	0.6473	0.6651	0.6863	0.7183	0.7607	0.7654
0.4527	0.4992	1.2406	0.3768	2.2266	0.6857	0.6860	0.7006	0.7279	0.7686	0.7678
0.4508	0.4969	1.2393	0.3699	2.2452	0.6383	0.6657	0.6843	0.7206	0.7642	0.7647
0.4532	0.4986	1.2528	0.3725	2.2282	0.6524	0.6659	0.6860	0.7215	0.7620	0.7647
0.4527	0.4980	1.2488	0.3716	2.1958	0.6829	0.6759	0.6925	0.7214	0.7658	0.7669
0.4536	0.4995	1.2468	0.3690	2.2092	0.6563	0.6755	0.6944	0.7239	0.7643	0.7666
