Metric: | MAE	| NMAE	| RMSE	| MRE	| NPRE	| NDCG1	| NDCG5	| NDCG10	| NDCG20	| NDCG50	| NDCG100	
Avg:	0.4162	0.4583	1.1461	0.3533	2.0574	0.6857	0.7039	0.7247	0.7583	0.7995	0.7970
Std:	0.0011	0.0009	0.0033	0.0013	0.0225	0.0107	0.0053	0.0045	0.0034	0.0015	0.0017

==========================================
Detailed results for 8 rounds:
0.4177	0.4598	1.1435	0.3547	2.0837	0.6930	0.7086	0.7277	0.7614	0.8024	0.7985
0.4154	0.4577	1.1438	0.3529	2.0368	0.7054	0.7124	0.7326	0.7633	0.7993	0.7983
0.4161	0.4586	1.1434	0.3535	2.0896	0.6886	0.7017	0.7248	0.7584	0.7988	0.7966
0.4145	0.4573	1.1427	0.3538	2.0296	0.6856	0.7015	0.7226	0.7550	0.7978	0.7975
0.4155	0.4575	1.1468	0.3526	2.0608	0.6647	0.6972	0.7180	0.7525	0.7981	0.7946
0.4181	0.4597	1.1531	0.3543	2.0786	0.6833	0.6969	0.7188	0.7560	0.7985	0.7939
0.4158	0.4577	1.1479	0.3538	2.0344	0.6834	0.7086	0.7269	0.7601	0.8002	0.7982
0.4166	0.4582	1.1477	0.3503	2.0456	0.6813	0.7043	0.7258	0.7596	0.8012	0.7985
