Metric: | MAE	| NMAE	| RMSE	| MRE	| NPRE	| NDCG1	| NDCG5	| NDCG10	| NDCG20	| NDCG50	| NDCG100	
Avg:	0.4161	0.4582	1.1517	0.3480	2.0647	0.6872	0.7023	0.7223	0.7551	0.7957	0.7936
Std:	0.0011	0.0011	0.0033	0.0019	0.0277	0.0064	0.0042	0.0038	0.0027	0.0018	0.0014

==========================================
Detailed results for 8 rounds:
0.4167	0.4587	1.1483	0.3487	2.0768	0.6818	0.7039	0.7255	0.7571	0.7993	0.7948
0.4168	0.4593	1.1507	0.3504	2.0812	0.6995	0.7055	0.7258	0.7576	0.7945	0.7934
0.4171	0.4597	1.1508	0.3496	2.1120	0.6824	0.6989	0.7205	0.7535	0.7938	0.7928
0.4136	0.4563	1.1469	0.3471	2.0332	0.6865	0.7031	0.7222	0.7544	0.7943	0.7947
0.4158	0.4577	1.1508	0.3488	2.0707	0.6808	0.7000	0.7175	0.7509	0.7958	0.7924
0.4174	0.4589	1.1581	0.3482	2.0806	0.6858	0.6946	0.7159	0.7517	0.7938	0.7908
0.4155	0.4573	1.1544	0.3474	2.0332	0.6959	0.7095	0.7269	0.7585	0.7967	0.7948
0.4158	0.4573	1.1534	0.3436	2.0300	0.6849	0.7032	0.7239	0.7569	0.7969	0.7948
