Metric: | MAE	| NMAE	| RMSE	| MRE	| NPRE	| NDCG1	| NDCG5	| NDCG10	| NDCG20	| NDCG50	| NDCG100	
Avg:	0.4195	0.4619	1.1625	0.3463	2.1039	0.6845	0.6989	0.7182	0.7501	0.7899	0.7887
Std:	0.0010	0.0008	0.0035	0.0012	0.0222	0.0025	0.0044	0.0040	0.0032	0.0020	0.0019

==========================================
Detailed results for 8 rounds:
0.4207	0.4632	1.1587	0.3474	2.1297	0.6852	0.7038	0.7241	0.7539	0.7943	0.7915
0.4189	0.4617	1.1610	0.3466	2.1013	0.6882	0.7009	0.7206	0.7517	0.7891	0.7882
0.4195	0.4624	1.1605	0.3458	2.1372	0.6805	0.6962	0.7169	0.7483	0.7884	0.7886
0.4177	0.4608	1.1576	0.3476	2.0761	0.6859	0.7013	0.7188	0.7511	0.7898	0.7907
0.4197	0.4620	1.1628	0.3474	2.1131	0.6867	0.6948	0.7129	0.7447	0.7883	0.7864
0.4207	0.4625	1.1691	0.3459	2.1146	0.6854	0.6899	0.7113	0.7457	0.7876	0.7856
0.4187	0.4609	1.1640	0.3455	2.0795	0.6831	0.7025	0.7207	0.7522	0.7903	0.7892
0.4200	0.4620	1.1658	0.3440	2.0798	0.6812	0.7015	0.7205	0.7532	0.7918	0.7896
