Metric: | MAE	| NMAE	| RMSE	| MRE	| NPRE	| NDCG1	| NDCG5	| NDCG10	| NDCG20	| NDCG50	| NDCG100	
Avg:	0.4350	0.4791	1.1997	0.3575	2.1822	0.6772	0.6898	0.7073	0.7383	0.7791	0.7793
Std:	0.0011	0.0010	0.0038	0.0015	0.0252	0.0046	0.0040	0.0036	0.0023	0.0018	0.0009

==========================================
Detailed results for 8 rounds:
0.4364	0.4804	1.1996	0.3589	2.2107	0.6750	0.6928	0.7096	0.7405	0.7812	0.7793
0.4348	0.4792	1.1977	0.3582	2.1773	0.6770	0.6971	0.7130	0.7400	0.7793	0.7807
0.4361	0.4806	1.1983	0.3585	2.2151	0.6872	0.6856	0.7032	0.7354	0.7752	0.7793
0.4326	0.4773	1.1918	0.3582	2.1586	0.6769	0.6917	0.7100	0.7421	0.7808	0.7806
0.4345	0.4785	1.1993	0.3578	2.1961	0.6736	0.6836	0.7019	0.7351	0.7796	0.7779
0.4355	0.4791	1.2042	0.3580	2.1958	0.6796	0.6877	0.7039	0.7377	0.7778	0.7785
0.4350	0.4786	1.2042	0.3564	2.1660	0.6777	0.6905	0.7077	0.7386	0.7792	0.7797
0.4352	0.4790	1.2024	0.3539	2.1379	0.6704	0.6893	0.7089	0.7373	0.7797	0.7785
