Metric: | MAE	| NMAE	| RMSE	| MRE	| NPRE	| NDCG1	| NDCG5	| NDCG10	| NDCG20	| NDCG50	| NDCG100	
Avg:	0.4534	0.4993	1.2468	0.3739	2.2512	0.6503	0.6631	0.6814	0.7137	0.7576	0.7614
Std:	0.0012	0.0011	0.0047	0.0020	0.0210	0.0156	0.0067	0.0052	0.0026	0.0026	0.0010

==========================================
Detailed results for 8 rounds:
0.4553	0.5013	1.2458	0.3755	2.2834	0.6477	0.6609	0.6767	0.7124	0.7549	0.7607
0.4540	0.4999	1.2466	0.3735	2.2490	0.6611	0.6606	0.6798	0.7105	0.7551	0.7623
0.4523	0.4985	1.2414	0.3721	2.2792	0.6292	0.6554	0.6780	0.7103	0.7557	0.7616
0.4528	0.4994	1.2430	0.3772	2.2391	0.6759	0.6750	0.6909	0.7189	0.7616	0.7625
0.4512	0.4973	1.2416	0.3713	2.2625	0.6283	0.6586	0.6765	0.7138	0.7588	0.7604
0.4538	0.4993	1.2558	0.3747	2.2459	0.6437	0.6562	0.6768	0.7129	0.7551	0.7597
0.4538	0.4993	1.2512	0.3751	2.2299	0.6644	0.6700	0.6861	0.7148	0.7606	0.7623
0.4538	0.4996	1.2494	0.3715	2.2204	0.6519	0.6684	0.6863	0.7155	0.7592	0.7621
