Metric: | MAE	| NMAE	| RMSE	| MRE	| NPRE	| NDCG1	| NDCG5	| NDCG10	| NDCG20	| NDCG50	| NDCG100	
Avg:	0.4172	0.4594	1.1554	0.3469	2.0800	0.6851	0.7012	0.7211	0.7534	0.7937	0.7918
Std:	0.0012	0.0011	0.0035	0.0017	0.0293	0.0064	0.0050	0.0041	0.0032	0.0019	0.0018

==========================================
Detailed results for 8 rounds:
0.4186	0.4609	1.1516	0.3488	2.1160	0.6805	0.7019	0.7235	0.7550	0.7972	0.7936
0.4169	0.4594	1.1542	0.3464	2.0781	0.6914	0.7070	0.7265	0.7570	0.7941	0.7920
0.4179	0.4606	1.1539	0.3491	2.1276	0.6883	0.6996	0.7196	0.7515	0.7920	0.7916
0.4148	0.4576	1.1506	0.3478	2.0435	0.6800	0.7022	0.7213	0.7533	0.7926	0.7930
0.4169	0.4589	1.1554	0.3467	2.0874	0.6794	0.6979	0.7159	0.7483	0.7921	0.7898
0.4186	0.4602	1.1624	0.3461	2.0879	0.6776	0.6906	0.7139	0.7490	0.7916	0.7881
0.4163	0.4583	1.1571	0.3466	2.0486	0.6972	0.7074	0.7247	0.7567	0.7944	0.7932
0.4173	0.4590	1.1580	0.3434	2.0508	0.6860	0.7030	0.7230	0.7561	0.7956	0.7933
