Metric: | MAE	| NMAE	| RMSE	| MRE	| NPRE	| NDCG1	| NDCG5	| NDCG10	| NDCG20	| NDCG50	| NDCG100	
Avg:	0.4137	0.4556	1.1438	0.3506	2.0461	0.6877	0.7012	0.7220	0.7560	0.7971	0.7952
Std:	0.0010	0.0008	0.0034	0.0019	0.0244	0.0103	0.0062	0.0047	0.0032	0.0012	0.0015

==========================================
Detailed results for 8 rounds:
0.4145	0.4563	1.1408	0.3509	2.0586	0.6776	0.7008	0.7218	0.7565	0.7990	0.7956
0.4136	0.4558	1.1425	0.3516	2.0534	0.7038	0.7107	0.7313	0.7619	0.7975	0.7961
0.4143	0.4567	1.1417	0.3521	2.0939	0.6852	0.6994	0.7207	0.7535	0.7955	0.7941
0.4119	0.4544	1.1395	0.3510	2.0271	0.6923	0.7006	0.7209	0.7540	0.7955	0.7958
0.4135	0.4552	1.1436	0.3515	2.0506	0.6736	0.6956	0.7163	0.7515	0.7966	0.7934
0.4153	0.4566	1.1510	0.3509	2.0527	0.6800	0.6921	0.7162	0.7539	0.7966	0.7926
0.4133	0.4549	1.1457	0.3514	2.0215	0.7017	0.7109	0.7264	0.7593	0.7980	0.7970
0.4134	0.4547	1.1452	0.3457	2.0108	0.6873	0.6994	0.7225	0.7571	0.7985	0.7967
