Metric: | MAE	| NMAE	| RMSE	| MRE	| NPRE	| NDCG1	| NDCG5	| NDCG10	| NDCG20	| NDCG50	| NDCG100	
Avg:	0.4528	0.4988	1.2462	0.3726	2.2414	0.6543	0.6654	0.6837	0.7158	0.7590	0.7627
Std:	0.0010	0.0009	0.0047	0.0019	0.0184	0.0165	0.0058	0.0049	0.0028	0.0025	0.0010

==========================================
Detailed results for 8 rounds:
0.4541	0.5000	1.2455	0.3726	2.2557	0.6483	0.6650	0.6818	0.7173	0.7575	0.7627
0.4534	0.4993	1.2457	0.3721	2.2390	0.6633	0.6631	0.6821	0.7128	0.7563	0.7636
0.4519	0.4981	1.2411	0.3708	2.2722	0.6365	0.6599	0.6800	0.7117	0.7569	0.7624
0.4524	0.4989	1.2421	0.3765	2.2323	0.6771	0.6767	0.6930	0.7211	0.7633	0.7640
0.4508	0.4969	1.2406	0.3704	2.2588	0.6306	0.6610	0.6788	0.7155	0.7605	0.7619
0.4534	0.4989	1.2548	0.3739	2.2384	0.6449	0.6583	0.6785	0.7144	0.7562	0.7608
0.4532	0.4986	1.2507	0.3739	2.2189	0.6786	0.6692	0.6864	0.7158	0.7613	0.7633
0.4535	0.4993	1.2489	0.3708	2.2158	0.6554	0.6700	0.6892	0.7174	0.7602	0.7631
