Metric: | MAE	| NMAE	| RMSE	| MRE	| NPRE	| NDCG1	| NDCG5	| NDCG10	| NDCG20	| NDCG50	| NDCG100	
Avg:	0.5068	0.5590	1.3728	0.4053	2.3733	0.6423	0.6477	0.6666	0.6979	0.7400	0.7420
Std:	0.0021	0.0025	0.0056	0.0021	0.0357	0.0109	0.0058	0.0039	0.0033	0.0034	0.0031

==========================================
Detailed results for 8 rounds:
0.5109	0.5633	1.3814	0.4088	2.3760	0.6447	0.6457	0.6664	0.6956	0.7357	0.7421
0.5066	0.5587	1.3688	0.4045	2.4011	0.6226	0.6430	0.6638	0.6981	0.7418	0.7432
0.5071	0.5598	1.3646	0.4053	2.4462	0.6309	0.6414	0.6600	0.6933	0.7381	0.7408
0.5090	0.5619	1.3801	0.4085	2.3808	0.6486	0.6473	0.6645	0.6951	0.7366	0.7356
0.5051	0.5572	1.3667	0.4019	2.3673	0.6456	0.6469	0.6658	0.6961	0.7372	0.7410
0.5043	0.5556	1.3745	0.4041	2.3296	0.6568	0.6563	0.6721	0.7037	0.7432	0.7452
0.5048	0.5562	1.3735	0.4046	2.3323	0.6534	0.6579	0.6721	0.7012	0.7459	0.7465
0.5066	0.5590	1.3725	0.4046	2.3530	0.6357	0.6432	0.6679	0.7000	0.7413	0.7416
