Metric: | MAE	| NMAE	| RMSE	| MRE	| NPRE	| NDCG1	| NDCG5	| NDCG10	| NDCG20	| NDCG50	| NDCG100	
Avg:	0.4167	0.4589	1.1455	0.3554	2.0596	0.6875	0.7042	0.7247	0.7583	0.8002	0.7978
Std:	0.0017	0.0017	0.0037	0.0018	0.0311	0.0087	0.0054	0.0041	0.0028	0.0017	0.0014

==========================================
Detailed results for 8 rounds:
0.4167	0.4587	1.1417	0.3545	2.0564	0.6778	0.7052	0.7252	0.7589	0.8035	0.7990
0.4164	0.4588	1.1442	0.3549	2.0446	0.6993	0.7151	0.7331	0.7645	0.8017	0.7994
0.4189	0.4617	1.1454	0.3595	2.1246	0.6934	0.7024	0.7230	0.7571	0.7985	0.7978
0.4142	0.4569	1.1400	0.3557	2.0287	0.6810	0.7023	0.7227	0.7570	0.7986	0.7978
0.4159	0.4578	1.1454	0.3560	2.0607	0.6836	0.6979	0.7206	0.7549	0.7995	0.7961
0.4192	0.4608	1.1531	0.3559	2.0877	0.6776	0.6967	0.7195	0.7559	0.7985	0.7949
0.4148	0.4566	1.1461	0.3535	2.0209	0.7008	0.7071	0.7262	0.7589	0.8002	0.7986
0.4178	0.4596	1.1476	0.3533	2.0528	0.6867	0.7066	0.7277	0.7592	0.8011	0.7986
