Metric: | MAE	| NMAE	| RMSE	| MRE	| NPRE	| NDCG1	| NDCG5	| NDCG10	| NDCG20	| NDCG50	| NDCG100	
Avg:	0.4457	0.4908	1.2259	0.3629	2.2638	0.6639	0.6752	0.6933	0.7245	0.7665	0.7692
Std:	0.0009	0.0008	0.0038	0.0014	0.0203	0.0031	0.0047	0.0044	0.0026	0.0020	0.0008

==========================================
Detailed results for 8 rounds:
0.4468	0.4918	1.2260	0.3635	2.2806	0.6656	0.6781	0.6949	0.7241	0.7679	0.7690
0.4454	0.4909	1.2233	0.3640	2.2685	0.6644	0.6781	0.6963	0.7257	0.7668	0.7703
0.4467	0.4922	1.2252	0.3627	2.2843	0.6631	0.6674	0.6854	0.7199	0.7626	0.7684
0.4437	0.4896	1.2180	0.3649	2.2494	0.6664	0.6775	0.6968	0.7289	0.7679	0.7696
0.4455	0.4906	1.2256	0.3629	2.2893	0.6607	0.6681	0.6877	0.7213	0.7664	0.7677
0.4459	0.4905	1.2310	0.3627	2.2640	0.6633	0.6755	0.6923	0.7254	0.7645	0.7694
0.4459	0.4906	1.2298	0.3624	2.2491	0.6586	0.6747	0.6935	0.7247	0.7665	0.7692
0.4456	0.4904	1.2281	0.3599	2.2253	0.6693	0.6820	0.6993	0.7257	0.7693	0.7700
