Metric: | MAE	| NMAE	| RMSE	| MRE	| NPRE	| NDCG1	| NDCG5	| NDCG10	| NDCG20	| NDCG50	| NDCG100	
Avg:	0.5082	0.5605	1.3809	0.4040	2.3773	0.6378	0.6465	0.6658	0.6970	0.7397	0.7419
Std:	0.0016	0.0020	0.0053	0.0019	0.0349	0.0168	0.0055	0.0036	0.0036	0.0030	0.0025

==========================================
Detailed results for 8 rounds:
0.5115	0.5640	1.3890	0.4073	2.3745	0.6334	0.6475	0.6660	0.6950	0.7359	0.7422
0.5085	0.5608	1.3779	0.4048	2.4125	0.5993	0.6373	0.6611	0.6954	0.7413	0.7419
0.5082	0.5610	1.3729	0.4031	2.4445	0.6286	0.6395	0.6597	0.6908	0.7376	0.7403
0.5096	0.5625	1.3872	0.4059	2.3780	0.6486	0.6469	0.6654	0.6958	0.7363	0.7368
0.5073	0.5598	1.3749	0.4024	2.3822	0.6487	0.6475	0.6654	0.6962	0.7378	0.7420
0.5058	0.5573	1.3840	0.4015	2.3309	0.6559	0.6533	0.6707	0.7031	0.7423	0.7445
0.5070	0.5586	1.3814	0.4047	2.3410	0.6471	0.6541	0.6696	0.6991	0.7447	0.7456
0.5075	0.5600	1.3802	0.4021	2.3546	0.6409	0.6461	0.6687	0.7007	0.7416	0.7422
