Metric: | MAE	| NMAE	| RMSE	| MRE	| NPRE	| NDCG1	| NDCG5	| NDCG10	| NDCG20	| NDCG50	| NDCG100	
Avg:	0.4300	0.4735	1.1802	0.3615	2.1296	0.6796	0.6960	0.7154	0.7475	0.7884	0.7866
Std:	0.0012	0.0012	0.0030	0.0023	0.0260	0.0084	0.0044	0.0031	0.0021	0.0011	0.0009

==========================================
Detailed results for 8 rounds:
0.4303	0.4737	1.1811	0.3606	2.1260	0.6723	0.6989	0.7170	0.7500	0.7898	0.7865
0.4302	0.4741	1.1780	0.3627	2.1220	0.6932	0.7042	0.7218	0.7506	0.7889	0.7881
0.4318	0.4759	1.1793	0.3653	2.1812	0.6755	0.6906	0.7103	0.7439	0.7857	0.7859
0.4279	0.4722	1.1739	0.3618	2.1061	0.6718	0.6957	0.7152	0.7479	0.7886	0.7878
0.4295	0.4730	1.1797	0.3621	2.1447	0.6727	0.6901	0.7131	0.7450	0.7887	0.7851
0.4304	0.4735	1.1832	0.3633	2.1505	0.6804	0.6947	0.7138	0.7476	0.7882	0.7863
0.4288	0.4718	1.1836	0.3585	2.0980	0.6937	0.6994	0.7161	0.7476	0.7883	0.7868
0.4310	0.4743	1.1826	0.3576	2.1080	0.6774	0.6946	0.7156	0.7474	0.7889	0.7862
