Metric: | MAE	| NMAE	| RMSE	| MRE	| NPRE	| NDCG1	| NDCG5	| NDCG10	| NDCG20	| NDCG50	| NDCG100	
Avg:	0.4568	0.5031	1.2469	0.3762	2.2387	0.6705	0.6803	0.6982	0.7296	0.7697	0.7698
Std:	0.0016	0.0016	0.0041	0.0030	0.0239	0.0115	0.0060	0.0046	0.0038	0.0021	0.0012

==========================================
Detailed results for 8 rounds:
0.4594	0.5058	1.2476	0.3802	2.2714	0.6809	0.6866	0.7014	0.7324	0.7706	0.7711
0.4583	0.5047	1.2491	0.3751	2.2339	0.6666	0.6792	0.6964	0.7262	0.7672	0.7706
0.4566	0.5033	1.2425	0.3772	2.2811	0.6625	0.6754	0.6950	0.7262	0.7667	0.7692
0.4563	0.5033	1.2420	0.3802	2.2269	0.6879	0.6933	0.7088	0.7374	0.7740	0.7714
0.4536	0.5000	1.2419	0.3721	2.2356	0.6525	0.6765	0.6937	0.7274	0.7701	0.7677
0.4567	0.5025	1.2535	0.3770	2.2385	0.6727	0.6756	0.6958	0.7305	0.7695	0.7686
0.4566	0.5024	1.2511	0.3760	2.2071	0.6811	0.6787	0.6964	0.7258	0.7693	0.7702
0.4569	0.5031	1.2479	0.3718	2.2155	0.6597	0.6770	0.6983	0.7312	0.7702	0.7700
