Metric: | MAE	| NMAE	| RMSE	| MRE	| NPRE	| NDCG1	| NDCG5	| NDCG10	| NDCG20	| NDCG50	| NDCG100	
Avg:	0.9075	1.0000	2.1685	1.0000	1.0000	0.8439	0.7537	0.6941	0.5975	0.4589	0.3840
Std:	0.0006	0.0000	0.0010	0.0000	0.0000	0.0043	0.0034	0.0030	0.0029	0.0022	0.0018

==========================================
Detailed results for 5 rounds:
0.9081	1.0000	2.1696	1.0000	1.0000	0.8408	0.7513	0.6905	0.5929	0.4554	0.3811
0.9081	1.0000	2.1692	1.0000	1.0000	0.8459	0.7565	0.6961	0.5991	0.4589	0.3838
0.9072	1.0000	2.1687	1.0000	1.0000	0.8433	0.7518	0.6930	0.5980	0.4600	0.3850
0.9067	1.0000	2.1669	1.0000	1.0000	0.8509	0.7589	0.6990	0.6015	0.4620	0.3867
0.9072	1.0000	2.1680	1.0000	1.0000	0.8383	0.7501	0.6920	0.5963	0.4580	0.3836
