Metric: | MAE	| NMAE	| RMSE	| MRE	| NPRE	| NDCG1	| NDCG5	| NDCG10	| NDCG20	| NDCG50	| NDCG100	
Avg:	0.4140	0.4559	1.1444	0.3498	2.0655	0.6889	0.7028	0.7229	0.7556	0.7962	0.7939
Std:	0.0012	0.0013	0.0030	0.0017	0.0260	0.0106	0.0063	0.0053	0.0038	0.0020	0.0018

==========================================
Detailed results for 8 rounds:
0.4145	0.4564	1.1407	0.3504	2.0825	0.6863	0.7045	0.7247	0.7569	0.7996	0.7955
0.4136	0.4557	1.1431	0.3505	2.0600	0.7106	0.7133	0.7320	0.7626	0.7973	0.7948
0.4163	0.4588	1.1452	0.3522	2.1186	0.6891	0.7022	0.7211	0.7527	0.7937	0.7928
0.4122	0.4548	1.1399	0.3512	2.0392	0.6787	0.7031	0.7219	0.7548	0.7947	0.7947
0.4137	0.4555	1.1441	0.3511	2.0769	0.6749	0.6960	0.7170	0.7503	0.7955	0.7917
0.4143	0.4555	1.1499	0.3480	2.0652	0.6866	0.6914	0.7142	0.7514	0.7938	0.7906
0.4128	0.4544	1.1464	0.3483	2.0304	0.6988	0.7078	0.7261	0.7575	0.7969	0.7952
0.4149	0.4564	1.1461	0.3470	2.0508	0.6860	0.7044	0.7259	0.7584	0.7985	0.7955
