Metric: | MAE	| NMAE	| RMSE	| MRE	| NPRE	| NDCG1	| NDCG5	| NDCG10	| NDCG20	| NDCG50	| NDCG100	
Avg:	0.4684	0.5159	1.2550	0.3847	2.3838	0.6471	0.6627	0.6817	0.7147	0.7578	0.7615
Std:	0.0012	0.0014	0.0042	0.0027	0.0343	0.0227	0.0095	0.0060	0.0040	0.0030	0.0016

==========================================
Detailed results for 8 rounds:
0.4707	0.5183	1.2549	0.3875	2.4211	0.6629	0.6657	0.6823	0.7173	0.7574	0.7624
0.4688	0.5163	1.2561	0.3851	2.3726	0.5987	0.6440	0.6709	0.7049	0.7518	0.7589
0.4691	0.5172	1.2498	0.3871	2.4436	0.6315	0.6578	0.6798	0.7138	0.7568	0.7623
0.4682	0.5164	1.2514	0.3876	2.3711	0.6597	0.6688	0.6850	0.7153	0.7600	0.7610
0.4661	0.5138	1.2496	0.3825	2.3916	0.6573	0.6602	0.6795	0.7157	0.7606	0.7604
0.4683	0.5152	1.2622	0.3852	2.3810	0.6381	0.6573	0.6764	0.7145	0.7553	0.7602
0.4685	0.5154	1.2585	0.3835	2.3677	0.6775	0.6775	0.6908	0.7190	0.7614	0.7641
0.4673	0.5146	1.2578	0.3791	2.3218	0.6510	0.6701	0.6885	0.7174	0.7594	0.7628
