Metric: | MAE	| NMAE	| RMSE	| MRE	| NPRE	| NDCG1	| NDCG5	| NDCG10	| NDCG20	| NDCG50	| NDCG100	
Avg:	0.4404	0.4851	1.1898	0.3696	2.2499	0.6764	0.6896	0.7078	0.7391	0.7806	0.7805
Std:	0.0014	0.0015	0.0034	0.0027	0.0280	0.0045	0.0062	0.0047	0.0039	0.0016	0.0015

==========================================
Detailed results for 8 rounds:
0.4433	0.4880	1.1924	0.3741	2.2946	0.6707	0.6835	0.7058	0.7380	0.7796	0.7787
0.4404	0.4853	1.1881	0.3701	2.2480	0.6778	0.7012	0.7166	0.7461	0.7830	0.7824
0.4406	0.4855	1.1872	0.3704	2.2706	0.6805	0.6808	0.7017	0.7348	0.7782	0.7799
0.4380	0.4833	1.1827	0.3690	2.2158	0.6710	0.6922	0.7109	0.7424	0.7823	0.7826
0.4413	0.4860	1.1913	0.3724	2.2771	0.6782	0.6853	0.7020	0.7331	0.7787	0.7785
0.4393	0.4832	1.1916	0.3687	2.2459	0.6808	0.6881	0.7050	0.7392	0.7802	0.7803
0.4402	0.4843	1.1928	0.3675	2.2400	0.6812	0.6953	0.7108	0.7411	0.7814	0.7816
0.4405	0.4848	1.1927	0.3649	2.2074	0.6707	0.6906	0.7093	0.7379	0.7812	0.7802
