Metric: | MAE	| NMAE	| RMSE	| MRE	| NPRE	| NDCG1	| NDCG5	| NDCG10	| NDCG20	| NDCG50	| NDCG100	
Avg:	0.4656	0.5128	1.2524	0.3828	2.3644	0.6383	0.6599	0.6797	0.7131	0.7568	0.7608
Std:	0.0014	0.0016	0.0039	0.0026	0.0291	0.0219	0.0094	0.0059	0.0038	0.0030	0.0015

==========================================
Detailed results for 8 rounds:
0.4674	0.5147	1.2529	0.3841	2.3884	0.6491	0.6632	0.6788	0.7149	0.7545	0.7601
0.4678	0.5151	1.2540	0.3861	2.3803	0.5896	0.6412	0.6693	0.7036	0.7508	0.7581
0.4660	0.5137	1.2476	0.3843	2.4116	0.6281	0.6564	0.6794	0.7125	0.7564	0.7618
0.4654	0.5133	1.2494	0.3862	2.3590	0.6456	0.6645	0.6828	0.7132	0.7586	0.7605
0.4635	0.5109	1.2465	0.3808	2.3759	0.6281	0.6549	0.6752	0.7138	0.7591	0.7604
0.4640	0.5105	1.2578	0.3814	2.3499	0.6431	0.6568	0.6768	0.7140	0.7556	0.7601
0.4650	0.5116	1.2550	0.3814	2.3358	0.6623	0.6751	0.6886	0.7169	0.7613	0.7634
0.4656	0.5126	1.2563	0.3784	2.3140	0.6604	0.6668	0.6868	0.7157	0.7585	0.7620
