Metric: | MAE	| NMAE	| RMSE	| MRE	| NPRE	| NDCG1	| NDCG5	| NDCG10	| NDCG20	| NDCG50	| NDCG100	
Avg:	0.4535	0.4994	1.2446	0.3738	2.2633	0.6530	0.6668	0.6854	0.7180	0.7611	0.7640
Std:	0.0012	0.0012	0.0043	0.0020	0.0220	0.0163	0.0065	0.0046	0.0033	0.0026	0.0009

==========================================
Detailed results for 8 rounds:
0.4552	0.5012	1.2445	0.3747	2.2860	0.6456	0.6644	0.6838	0.7196	0.7593	0.7633
0.4546	0.5006	1.2450	0.3744	2.2628	0.6558	0.6569	0.6800	0.7119	0.7574	0.7639
0.4532	0.4996	1.2404	0.3750	2.3029	0.6282	0.6607	0.6812	0.7131	0.7580	0.7631
0.4532	0.4999	1.2411	0.3776	2.2529	0.6787	0.6771	0.6937	0.7216	0.7650	0.7652
0.4507	0.4968	1.2380	0.3713	2.2722	0.6399	0.6650	0.6824	0.7189	0.7627	0.7629
0.4533	0.4987	1.2511	0.3731	2.2588	0.6464	0.6640	0.6829	0.7193	0.7604	0.7634
0.4538	0.4992	1.2496	0.3734	2.2367	0.6768	0.6739	0.6889	0.7184	0.7635	0.7650
0.4537	0.4996	1.2469	0.3711	2.2341	0.6527	0.6724	0.6902	0.7211	0.7625	0.7651
