Metric: | MAE	| NMAE	| RMSE	| MRE	| NPRE	| NDCG1	| NDCG5	| NDCG10	| NDCG20	| NDCG50	| NDCG100	
Avg:	0.4530	0.4990	1.2443	0.3730	2.2543	0.6570	0.6687	0.6872	0.7191	0.7620	0.7645
Std:	0.0011	0.0011	0.0043	0.0018	0.0221	0.0136	0.0068	0.0051	0.0031	0.0023	0.0011

==========================================
Detailed results for 8 rounds:
0.4544	0.5004	1.2443	0.3739	2.2761	0.6647	0.6720	0.6886	0.7223	0.7616	0.7646
0.4538	0.4997	1.2439	0.3734	2.2506	0.6515	0.6613	0.6817	0.7139	0.7594	0.7649
0.4534	0.4998	1.2403	0.3744	2.2948	0.6360	0.6629	0.6849	0.7158	0.7592	0.7638
0.4523	0.4989	1.2405	0.3759	2.2434	0.6770	0.6821	0.6970	0.7236	0.7660	0.7661
0.4505	0.4965	1.2385	0.3707	2.2668	0.6545	0.6646	0.6834	0.7189	0.7628	0.7632
0.4530	0.4983	1.2522	0.3728	2.2479	0.6428	0.6618	0.6812	0.7180	0.7593	0.7629
0.4531	0.4985	1.2487	0.3727	2.2263	0.6755	0.6722	0.6896	0.7190	0.7639	0.7654
0.4536	0.4995	1.2464	0.3703	2.2283	0.6542	0.6726	0.6913	0.7216	0.7634	0.7655
