Metric: | MAE	| NMAE	| RMSE	| MRE	| NPRE	| NDCG1	| NDCG5	| NDCG10	| NDCG20	| NDCG50	| NDCG100	
Avg:	0.5164	0.5696	1.4023	0.4091	2.3779	0.6290	0.6489	0.6684	0.7003	0.7423	0.7422
Std:	0.0020	0.0023	0.0050	0.0031	0.0324	0.0235	0.0091	0.0067	0.0052	0.0024	0.0032

==========================================
Detailed results for 8 rounds:
0.5191	0.5723	1.4084	0.4135	2.3725	0.6392	0.6580	0.6751	0.7055	0.7419	0.7467
0.5178	0.5710	1.4011	0.4117	2.4241	0.5727	0.6322	0.6577	0.6941	0.7407	0.7404
0.5162	0.5697	1.3952	0.4059	2.4346	0.6224	0.6416	0.6588	0.6934	0.7405	0.7389
0.5188	0.5727	1.4077	0.4116	2.3767	0.6423	0.6583	0.6735	0.7017	0.7421	0.7385
0.5132	0.5662	1.3954	0.4053	2.3692	0.6428	0.6450	0.6667	0.6968	0.7398	0.7410
0.5141	0.5664	1.4072	0.4050	2.3347	0.6498	0.6580	0.6771	0.7097	0.7461	0.7462
0.5156	0.5681	1.4044	0.4104	2.3490	0.6431	0.6546	0.6708	0.7017	0.7464	0.7459
0.5168	0.5702	1.3994	0.4094	2.3623	0.6195	0.6437	0.6678	0.6998	0.7407	0.7402
