Metric: | MAE	| NMAE	| RMSE	| MRE	| NPRE	| NDCG1	| NDCG5	| NDCG10	| NDCG20	| NDCG50	| NDCG100	
Avg:	0.4207	0.4633	1.1499	0.3560	2.1275	0.6902	0.7025	0.7220	0.7549	0.7953	0.7933
Std:	0.0012	0.0010	0.0036	0.0016	0.0296	0.0098	0.0053	0.0040	0.0032	0.0013	0.0015

==========================================
Detailed results for 8 rounds:
0.4214	0.4640	1.1477	0.3568	2.1535	0.6813	0.6998	0.7219	0.7550	0.7973	0.7935
0.4209	0.4639	1.1497	0.3564	2.1233	0.7068	0.7111	0.7291	0.7598	0.7944	0.7932
0.4214	0.4644	1.1487	0.3563	2.1811	0.6967	0.7021	0.7193	0.7521	0.7931	0.7926
0.4178	0.4609	1.1427	0.3554	2.0837	0.6905	0.7036	0.7233	0.7555	0.7954	0.7955
0.4213	0.4638	1.1503	0.3586	2.1422	0.6793	0.6972	0.7175	0.7502	0.7948	0.7918
0.4216	0.4635	1.1556	0.3563	2.1310	0.6863	0.6955	0.7166	0.7515	0.7946	0.7906
0.4205	0.4629	1.1524	0.3552	2.1084	0.7014	0.7105	0.7268	0.7591	0.7962	0.7948
0.4210	0.4630	1.1524	0.3526	2.0967	0.6797	0.7004	0.7218	0.7557	0.7964	0.7942
