Metric: | MAE	| NMAE	| RMSE	| MRE	| NPRE	| NDCG1	| NDCG5	| NDCG10	| NDCG20	| NDCG50	| NDCG100	
Avg:	0.4388	0.4833	1.2066	0.3609	2.2296	0.6726	0.6862	0.7044	0.7350	0.7763	0.7768
Std:	0.0012	0.0011	0.0038	0.0015	0.0250	0.0042	0.0050	0.0045	0.0030	0.0020	0.0011

==========================================
Detailed results for 8 rounds:
0.4405	0.4849	1.2067	0.3624	2.2627	0.6706	0.6904	0.7080	0.7382	0.7789	0.7771
0.4381	0.4828	1.2039	0.3613	2.2176	0.6675	0.6945	0.7105	0.7380	0.7769	0.7785
0.4400	0.4849	1.2054	0.3618	2.2639	0.6781	0.6807	0.6991	0.7314	0.7725	0.7765
0.4364	0.4816	1.1987	0.3618	2.2038	0.6757	0.6889	0.7071	0.7390	0.7778	0.7779
0.4384	0.4828	1.2064	0.3612	2.2467	0.6682	0.6783	0.6976	0.7302	0.7760	0.7747
0.4392	0.4832	1.2114	0.3615	2.2375	0.6793	0.6826	0.7004	0.7335	0.7741	0.7756
0.4386	0.4825	1.2104	0.3595	2.2078	0.6714	0.6862	0.7045	0.7348	0.7764	0.7771
0.4393	0.4835	1.2097	0.3575	2.1967	0.6700	0.6882	0.7079	0.7348	0.7775	0.7766
