Metric: | MAE	| NMAE	| RMSE	| MRE	| NPRE	| NDCG1	| NDCG5	| NDCG10	| NDCG20	| NDCG50	| NDCG100	
Avg:	0.4377	0.4821	1.1878	0.3668	2.2247	0.6752	0.6895	0.7081	0.7393	0.7809	0.7805
Std:	0.0006	0.0010	0.0027	0.0029	0.0255	0.0064	0.0043	0.0044	0.0026	0.0012	0.0012

==========================================
Detailed results for 8 rounds:
0.4384	0.4826	1.1864	0.3675	2.2574	0.6683	0.6910	0.7098	0.7422	0.7835	0.7806
0.4384	0.4831	1.1879	0.3674	2.2322	0.6818	0.6987	0.7169	0.7430	0.7802	0.7819
0.4382	0.4829	1.1851	0.3686	2.2518	0.6728	0.6852	0.7027	0.7366	0.7792	0.7807
0.4375	0.4828	1.1828	0.3710	2.2216	0.6790	0.6874	0.7077	0.7389	0.7808	0.7807
0.4381	0.4825	1.1885	0.3679	2.2421	0.6722	0.6853	0.7033	0.7358	0.7805	0.7784
0.4373	0.4810	1.1900	0.3673	2.2183	0.6839	0.6879	0.7055	0.7401	0.7804	0.7804
0.4365	0.4803	1.1908	0.3638	2.1956	0.6790	0.6933	0.7115	0.7412	0.7820	0.7823
0.4374	0.4814	1.1910	0.3608	2.1784	0.6646	0.6871	0.7076	0.7369	0.7803	0.7792
