Metric: | MAE	| NMAE	| RMSE	| MRE	| NPRE	| NDCG1	| NDCG5	| NDCG10	| NDCG20	| NDCG50	| NDCG100	
Avg:	0.5202	0.5737	1.3658	0.4229	2.5484	0.6146	0.6339	0.6546	0.6874	0.7340	0.7387
Std:	0.0016	0.0020	0.0047	0.0016	0.0351	0.0303	0.0125	0.0095	0.0059	0.0036	0.0029

==========================================
Detailed results for 8 rounds:
0.5236	0.5773	1.3737	0.4255	2.5398	0.6280	0.6377	0.6591	0.6848	0.7318	0.7397
0.5202	0.5737	1.3618	0.4245	2.5839	0.5388	0.6051	0.6367	0.6792	0.7279	0.7353
0.5206	0.5746	1.3595	0.4213	2.6189	0.6137	0.6264	0.6443	0.6813	0.7342	0.7369
0.5209	0.5751	1.3691	0.4245	2.5404	0.6264	0.6407	0.6609	0.6917	0.7356	0.7354
0.5192	0.5729	1.3603	0.4208	2.5503	0.6360	0.6339	0.6500	0.6843	0.7318	0.7394
0.5181	0.5708	1.3701	0.4224	2.5001	0.6227	0.6429	0.6657	0.6971	0.7373	0.7414
0.5184	0.5712	1.3654	0.4220	2.5162	0.6420	0.6489	0.6636	0.6941	0.7404	0.7441
0.5205	0.5744	1.3664	0.4218	2.5376	0.6095	0.6356	0.6568	0.6871	0.7330	0.7371
