Metric: | MAE	| NMAE	| RMSE	| MRE	| NPRE	| NDCG1	| NDCG5	| NDCG10	| NDCG20	| NDCG50	| NDCG100	
Avg:	0.4217	0.4644	1.1508	0.3574	2.1363	0.6846	0.7012	0.7209	0.7534	0.7940	0.7925
Std:	0.0015	0.0017	0.0023	0.0036	0.0390	0.0093	0.0055	0.0038	0.0030	0.0018	0.0017

==========================================
Detailed results for 8 rounds:
0.4238	0.4665	1.1487	0.3605	2.1619	0.6792	0.7004	0.7215	0.7544	0.7963	0.7937
0.4225	0.4656	1.1528	0.3577	2.1343	0.6977	0.7082	0.7259	0.7565	0.7920	0.7919
0.4232	0.4665	1.1498	0.3585	2.1986	0.6821	0.6991	0.7186	0.7512	0.7930	0.7918
0.4204	0.4637	1.1465	0.3590	2.1046	0.6861	0.7019	0.7206	0.7529	0.7923	0.7932
0.4227	0.4653	1.1513	0.3633	2.1759	0.6775	0.6988	0.7165	0.7489	0.7928	0.7904
0.4212	0.4631	1.1546	0.3549	2.1420	0.6781	0.6904	0.7148	0.7500	0.7933	0.7900
0.4195	0.4617	1.1505	0.3542	2.0821	0.7015	0.7093	0.7261	0.7580	0.7967	0.7953
0.4204	0.4624	1.1519	0.3511	2.0906	0.6747	0.7017	0.7227	0.7554	0.7958	0.7937
