Metric: | MAE	| NMAE	| RMSE	| MRE	| NPRE	| NDCG1	| NDCG5	| NDCG10	| NDCG20	| NDCG50	| NDCG100	
Avg:	0.4355	0.4797	1.1853	0.3654	2.2141	0.6778	0.6927	0.7100	0.7411	0.7823	0.7817
Std:	0.0011	0.0012	0.0027	0.0021	0.0238	0.0115	0.0044	0.0038	0.0029	0.0012	0.0008

==========================================
Detailed results for 8 rounds:
0.4359	0.4798	1.1838	0.3656	2.2306	0.6665	0.6971	0.7143	0.7453	0.7846	0.7825
0.4366	0.4812	1.1853	0.3677	2.2233	0.6862	0.7015	0.7177	0.7455	0.7823	0.7827
0.4372	0.4819	1.1839	0.3687	2.2558	0.6911	0.6900	0.7062	0.7381	0.7807	0.7816
0.4336	0.4785	1.1801	0.3663	2.1817	0.6804	0.6923	0.7099	0.7410	0.7829	0.7822
0.4344	0.4784	1.1845	0.3645	2.2168	0.6812	0.6882	0.7061	0.7385	0.7831	0.7806
0.4351	0.4786	1.1884	0.3646	2.2187	0.6873	0.6929	0.7088	0.7422	0.7826	0.7818
0.4355	0.4791	1.1888	0.3645	2.2082	0.6755	0.6922	0.7095	0.7402	0.7811	0.7821
0.4359	0.4797	1.1879	0.3615	2.1780	0.6539	0.6872	0.7074	0.7378	0.7814	0.7801
