Metric: | MAE	| NMAE	| RMSE	| MRE	| NPRE	| NDCG1	| NDCG5	| NDCG10	| NDCG20	| NDCG50	| NDCG100	
Avg:	0.4626	0.5095	1.2503	0.3805	2.3414	0.6477	0.6622	0.6818	0.7152	0.7584	0.7619
Std:	0.0010	0.0009	0.0052	0.0018	0.0236	0.0173	0.0081	0.0045	0.0036	0.0028	0.0007

==========================================
Detailed results for 8 rounds:
0.4631	0.5100	1.2498	0.3806	2.3457	0.6481	0.6644	0.6821	0.7181	0.7583	0.7623
0.4630	0.5099	1.2500	0.3809	2.3347	0.6079	0.6453	0.6735	0.7071	0.7535	0.7605
0.4625	0.5099	1.2443	0.3821	2.3859	0.6405	0.6573	0.6800	0.7129	0.7571	0.7621
0.4617	0.5092	1.2462	0.3833	2.3339	0.6644	0.6721	0.6893	0.7196	0.7626	0.7628
0.4605	0.5076	1.2433	0.3790	2.3656	0.6576	0.6614	0.6803	0.7166	0.7616	0.7617
0.4632	0.5096	1.2581	0.3816	2.3400	0.6477	0.6600	0.6787	0.7157	0.7564	0.7614
0.4627	0.5091	1.2554	0.3793	2.3199	0.6676	0.6714	0.6852	0.7172	0.7605	0.7629
0.4639	0.5108	1.2554	0.3774	2.3055	0.6475	0.6661	0.6851	0.7146	0.7574	0.7618
