Metric: | MAE	| NMAE	| RMSE	| MRE	| NPRE	| NDCG1	| NDCG5	| NDCG10	| NDCG20	| NDCG50	| NDCG100	
Avg:	0.4271	0.4704	1.1790	0.3575	2.1209	0.6730	0.6927	0.7115	0.7431	0.7843	0.7833
Std:	0.0015	0.0014	0.0037	0.0015	0.0227	0.0104	0.0040	0.0028	0.0025	0.0014	0.0008

==========================================
Detailed results for 8 rounds:
0.4288	0.4720	1.1802	0.3601	2.1404	0.6637	0.6928	0.7122	0.7443	0.7850	0.7825
0.4265	0.4700	1.1763	0.3570	2.1056	0.6860	0.7001	0.7167	0.7467	0.7844	0.7842
0.4285	0.4722	1.1781	0.3597	2.1596	0.6789	0.6865	0.7071	0.7382	0.7812	0.7824
0.4243	0.4682	1.1719	0.3566	2.0935	0.6760	0.6930	0.7124	0.7445	0.7846	0.7845
0.4255	0.4686	1.1774	0.3569	2.1305	0.6632	0.6880	0.7096	0.7414	0.7860	0.7826
0.4275	0.4703	1.1831	0.3579	2.1357	0.6849	0.6928	0.7092	0.7436	0.7834	0.7832
0.4273	0.4701	1.1834	0.3569	2.1105	0.6762	0.6960	0.7139	0.7449	0.7854	0.7842
0.4284	0.4715	1.1820	0.3551	2.0916	0.6552	0.6920	0.7109	0.7414	0.7843	0.7826
