Metric: | MAE	| NMAE	| RMSE	| MRE	| NPRE	| NDCG1	| NDCG5	| NDCG10	| NDCG20	| NDCG50	| NDCG100	
Avg:	0.4330	0.4768	1.1834	0.3624	2.1906	0.6796	0.6923	0.7100	0.7410	0.7824	0.7816
Std:	0.0008	0.0008	0.0032	0.0024	0.0255	0.0040	0.0047	0.0045	0.0029	0.0012	0.0012

==========================================
Detailed results for 8 rounds:
0.4344	0.4782	1.1848	0.3634	2.2168	0.6783	0.6929	0.7115	0.7427	0.7836	0.7805
0.4321	0.4762	1.1814	0.3620	2.1744	0.6836	0.7025	0.7188	0.7463	0.7838	0.7832
0.4338	0.4781	1.1811	0.3642	2.2208	0.6809	0.6864	0.7046	0.7377	0.7804	0.7815
0.4318	0.4764	1.1771	0.3650	2.1814	0.6779	0.6931	0.7123	0.7430	0.7836	0.7833
0.4332	0.4771	1.1833	0.3644	2.2179	0.6779	0.6873	0.7052	0.7367	0.7817	0.7803
0.4329	0.4762	1.1865	0.3626	2.2003	0.6825	0.6900	0.7052	0.7405	0.7812	0.7810
0.4326	0.4759	1.1873	0.3603	2.1642	0.6848	0.6942	0.7121	0.7419	0.7826	0.7827
0.4329	0.4765	1.1857	0.3573	2.1492	0.6712	0.6917	0.7106	0.7392	0.7825	0.7804
