Metric: | MAE	| NMAE	| RMSE	| MRE	| NPRE	| NDCG1	| NDCG5	| NDCG10	| NDCG20	| NDCG50	| NDCG100	
Avg:	0.4526	0.4985	1.2449	0.3718	2.2317	0.6586	0.6692	0.6874	0.7195	0.7621	0.7650
Std:	0.0011	0.0010	0.0046	0.0019	0.0208	0.0141	0.0067	0.0048	0.0032	0.0025	0.0012

==========================================
Detailed results for 8 rounds:
0.4541	0.5000	1.2444	0.3722	2.2541	0.6542	0.6700	0.6878	0.7212	0.7613	0.7652
0.4536	0.4995	1.2452	0.3712	2.2281	0.6698	0.6697	0.6876	0.7162	0.7594	0.7660
0.4518	0.4981	1.2395	0.3716	2.2647	0.6437	0.6603	0.6825	0.7151	0.7590	0.7640
0.4520	0.4985	1.2407	0.3746	2.2224	0.6796	0.6827	0.6974	0.7261	0.7668	0.7668
0.4504	0.4964	1.2398	0.3689	2.2459	0.6362	0.6635	0.6821	0.7188	0.7629	0.7636
0.4533	0.4987	1.2535	0.3734	2.2305	0.6522	0.6624	0.6828	0.7188	0.7599	0.7631
0.4529	0.4983	1.2496	0.3731	2.1995	0.6738	0.6729	0.6886	0.7189	0.7643	0.7657
0.4531	0.4989	1.2464	0.3690	2.2087	0.6596	0.6718	0.6907	0.7211	0.7628	0.7655
