Metric: | MAE	| NMAE	| RMSE	| MRE	| NPRE	| NDCG1	| NDCG5	| NDCG10	| NDCG20	| NDCG50	| NDCG100	
Avg:	0.4738	0.5219	1.2890	0.3859	2.3502	0.6639	0.6750	0.6932	0.7255	0.7651	0.7660
Std:	0.0015	0.0016	0.0048	0.0029	0.0242	0.0103	0.0042	0.0037	0.0031	0.0022	0.0011

==========================================
Detailed results for 8 rounds:
0.4762	0.5243	1.2911	0.3878	2.3793	0.6717	0.6769	0.6930	0.7275	0.7639	0.7648
0.4749	0.5230	1.2904	0.3867	2.3446	0.6657	0.6704	0.6891	0.7200	0.7628	0.7662
0.4734	0.5219	1.2836	0.3878	2.3911	0.6442	0.6708	0.6910	0.7225	0.7624	0.7645
0.4743	0.5231	1.2857	0.3912	2.3515	0.6707	0.6823	0.7005	0.7287	0.7679	0.7664
0.4707	0.5189	1.2815	0.3830	2.3494	0.6523	0.6735	0.6901	0.7260	0.7673	0.7663
0.4741	0.5216	1.2975	0.3846	2.3505	0.6595	0.6701	0.6907	0.7262	0.7626	0.7647
0.4731	0.5205	1.2914	0.3839	2.3156	0.6756	0.6775	0.6934	0.7237	0.7671	0.7674
0.4738	0.5217	1.2905	0.3819	2.3196	0.6718	0.6788	0.6974	0.7297	0.7668	0.7675
