Metric: | MAE	| NMAE	| RMSE	| MRE	| NPRE	| NDCG1	| NDCG5	| NDCG10	| NDCG20	| NDCG50	| NDCG100	
Avg:	0.5135	0.5664	1.3616	0.4159	2.4988	0.6163	0.6345	0.6558	0.6888	0.7350	0.7394
Std:	0.0013	0.0017	0.0047	0.0014	0.0341	0.0307	0.0115	0.0091	0.0057	0.0037	0.0028

==========================================
Detailed results for 8 rounds:
0.5164	0.5693	1.3687	0.4182	2.4883	0.6267	0.6366	0.6594	0.6867	0.7325	0.7408
0.5135	0.5663	1.3574	0.4169	2.5345	0.5395	0.6070	0.6371	0.6806	0.7289	0.7362
0.5139	0.5672	1.3549	0.4156	2.5677	0.6172	0.6303	0.6486	0.6838	0.7357	0.7387
0.5143	0.5677	1.3651	0.4171	2.4864	0.6268	0.6404	0.6611	0.6923	0.7364	0.7361
0.5123	0.5652	1.3563	0.4135	2.4996	0.6373	0.6362	0.6511	0.6860	0.7323	0.7394
0.5119	0.5640	1.3662	0.4155	2.4522	0.6294	0.6441	0.6669	0.6988	0.7390	0.7424
0.5124	0.5645	1.3619	0.4156	2.4717	0.6442	0.6470	0.6644	0.6951	0.7414	0.7447
0.5137	0.5669	1.3623	0.4150	2.4899	0.6093	0.6346	0.6580	0.6875	0.7339	0.7374
