Metric: | MAE	| NMAE	| RMSE	| MRE	| NPRE	| NDCG1	| NDCG5	| NDCG10	| NDCG20	| NDCG50	| NDCG100	
Avg:	0.4662	0.5135	1.2531	0.3826	2.3680	0.6451	0.6629	0.6822	0.7152	0.7582	0.7620
Std:	0.0014	0.0015	0.0038	0.0024	0.0258	0.0229	0.0092	0.0061	0.0043	0.0035	0.0014

==========================================
Detailed results for 8 rounds:
0.4685	0.5159	1.2530	0.3859	2.3996	0.6496	0.6625	0.6782	0.7144	0.7547	0.7605
0.4675	0.5148	1.2544	0.3843	2.3753	0.5936	0.6437	0.6713	0.7055	0.7521	0.7592
0.4659	0.5136	1.2474	0.3835	2.4072	0.6256	0.6564	0.6796	0.7122	0.7566	0.7620
0.4662	0.5142	1.2508	0.3857	2.3622	0.6645	0.6729	0.6904	0.7190	0.7623	0.7630
0.4641	0.5115	1.2481	0.3799	2.3783	0.6583	0.6646	0.6812	0.7183	0.7621	0.7621
0.4645	0.5111	1.2582	0.3809	2.3358	0.6497	0.6602	0.6796	0.7166	0.7573	0.7619
0.4659	0.5126	1.2555	0.3814	2.3549	0.6683	0.6736	0.6889	0.7183	0.7615	0.7639
0.4672	0.5144	1.2573	0.3794	2.3308	0.6510	0.6693	0.6885	0.7175	0.7590	0.7631
