Metric: | MAE	| NMAE	| RMSE	| MRE	| NPRE	| NDCG1	| NDCG5	| NDCG10	| NDCG20	| NDCG50	| NDCG100	
Avg:	0.4642	0.5113	1.2518	0.3812	2.3542	0.6433	0.6627	0.6819	0.7151	0.7583	0.7618
Std:	0.0013	0.0013	0.0045	0.0019	0.0226	0.0232	0.0099	0.0061	0.0039	0.0031	0.0017

==========================================
Detailed results for 8 rounds:
0.4664	0.5136	1.2534	0.3837	2.3731	0.6516	0.6660	0.6829	0.7180	0.7571	0.7616
0.4656	0.5127	1.2523	0.3828	2.3694	0.5950	0.6429	0.6716	0.7056	0.7523	0.7589
0.4630	0.5104	1.2460	0.3802	2.3741	0.6364	0.6650	0.6837	0.7151	0.7579	0.7635
0.4636	0.5113	1.2477	0.3842	2.3532	0.6667	0.6733	0.6891	0.7193	0.7628	0.7633
0.4623	0.5096	1.2454	0.3795	2.3719	0.6324	0.6538	0.6749	0.7141	0.7595	0.7597
0.4636	0.5101	1.2574	0.3807	2.3539	0.6375	0.6581	0.6777	0.7148	0.7562	0.7613
0.4647	0.5112	1.2564	0.3803	2.3314	0.6763	0.6737	0.6884	0.7168	0.7616	0.7636
0.4648	0.5118	1.2561	0.3785	2.3067	0.6509	0.6693	0.6868	0.7171	0.7588	0.7623
