Metric: | MAE	| NMAE	| RMSE	| MRE	| NPRE	| NDCG1	| NDCG5	| NDCG10	| NDCG20	| NDCG50	| NDCG100	
Avg:	0.4573	0.5037	1.2468	0.3768	2.3000	0.6502	0.6650	0.6831	0.7160	0.7596	0.7629
Std:	0.0011	0.0011	0.0042	0.0019	0.0220	0.0143	0.0091	0.0056	0.0038	0.0027	0.0014

==========================================
Detailed results for 8 rounds:
0.4590	0.5054	1.2460	0.3783	2.3225	0.6532	0.6684	0.6848	0.7183	0.7594	0.7633
0.4583	0.5047	1.2467	0.3777	2.3041	0.6298	0.6509	0.6743	0.7084	0.7552	0.7613
0.4570	0.5037	1.2428	0.3777	2.3308	0.6336	0.6559	0.6789	0.7112	0.7564	0.7621
0.4569	0.5039	1.2444	0.3800	2.2833	0.6625	0.6737	0.6886	0.7186	0.7620	0.7631
0.4549	0.5014	1.2401	0.3752	2.3159	0.6454	0.6609	0.6798	0.7171	0.7613	0.7618
0.4569	0.5027	1.2527	0.3762	2.3029	0.6441	0.6585	0.6787	0.7157	0.7574	0.7618
0.4579	0.5038	1.2525	0.3758	2.2759	0.6764	0.6761	0.6896	0.7187	0.7630	0.7652
0.4576	0.5038	1.2492	0.3734	2.2643	0.6567	0.6755	0.6903	0.7200	0.7620	0.7647
