Metric: | MAE	| NMAE	| RMSE	| MRE	| NPRE	| NDCG1	| NDCG5	| NDCG10	| NDCG20	| NDCG50	| NDCG100	
Avg:	0.4679	0.5153	1.2545	0.3846	2.3814	0.6433	0.6607	0.6802	0.7136	0.7571	0.7611
Std:	0.0016	0.0017	0.0048	0.0027	0.0222	0.0217	0.0096	0.0057	0.0043	0.0033	0.0016

==========================================
Detailed results for 8 rounds:
0.4700	0.5176	1.2549	0.3871	2.4108	0.6615	0.6643	0.6814	0.7166	0.7570	0.7618
0.4692	0.5167	1.2556	0.3864	2.3933	0.5963	0.6411	0.6689	0.7034	0.7505	0.7577
0.4676	0.5155	1.2482	0.3863	2.4145	0.6281	0.6556	0.6792	0.7119	0.7557	0.7619
0.4676	0.5157	1.2512	0.3877	2.3740	0.6544	0.6680	0.6845	0.7146	0.7597	0.7607
0.4641	0.5115	1.2474	0.3799	2.3693	0.6456	0.6576	0.6769	0.7157	0.7603	0.7609
0.4679	0.5148	1.2613	0.3857	2.3831	0.6429	0.6585	0.6780	0.7143	0.7549	0.7607
0.4681	0.5150	1.2598	0.3825	2.3545	0.6727	0.6758	0.6895	0.7186	0.7619	0.7637
0.4682	0.5155	1.2574	0.3815	2.3513	0.6447	0.6651	0.6832	0.7137	0.7571	0.7615
