Metric: | MAE	| NMAE	| RMSE	| MRE	| NPRE	| NDCG1	| NDCG5	| NDCG10	| NDCG20	| NDCG50	| NDCG100	
Avg:	0.5167	0.5699	1.3635	0.4192	2.5240	0.6168	0.6342	0.6549	0.6880	0.7345	0.7390
Std:	0.0014	0.0017	0.0048	0.0014	0.0337	0.0316	0.0117	0.0092	0.0058	0.0036	0.0028

==========================================
Detailed results for 8 rounds:
0.5197	0.5730	1.3710	0.4215	2.5113	0.6334	0.6365	0.6595	0.6856	0.7321	0.7401
0.5167	0.5699	1.3595	0.4201	2.5597	0.5406	0.6067	0.6362	0.6794	0.7284	0.7357
0.5168	0.5704	1.3565	0.4182	2.5918	0.6144	0.6275	0.6460	0.6823	0.7350	0.7378
0.5175	0.5713	1.3666	0.4204	2.5145	0.6225	0.6413	0.6616	0.6919	0.7361	0.7356
0.5155	0.5688	1.3578	0.4169	2.5262	0.6467	0.6369	0.6514	0.6852	0.7322	0.7396
0.5147	0.5671	1.3681	0.4188	2.4763	0.6243	0.6424	0.6648	0.6976	0.7380	0.7416
0.5160	0.5685	1.3642	0.4196	2.5007	0.6457	0.6470	0.6633	0.6943	0.7407	0.7444
0.5169	0.5704	1.3642	0.4181	2.5118	0.6067	0.6349	0.6568	0.6875	0.7333	0.7372
