Metric: | MAE	| NMAE	| RMSE	| MRE	| NPRE	| NDCG1	| NDCG5	| NDCG10	| NDCG20	| NDCG50	| NDCG100	
Avg:	0.5069	0.5591	1.3594	0.4106	2.4397	0.6173	0.6355	0.6564	0.6900	0.7356	0.7400
Std:	0.0014	0.0017	0.0048	0.0015	0.0339	0.0313	0.0108	0.0076	0.0048	0.0032	0.0028

==========================================
Detailed results for 8 rounds:
0.5093	0.5616	1.3665	0.4112	2.4273	0.6234	0.6414	0.6596	0.6884	0.7333	0.7411
0.5070	0.5591	1.3554	0.4118	2.4743	0.5424	0.6098	0.6403	0.6833	0.7307	0.7368
0.5071	0.5598	1.3522	0.4102	2.5102	0.6083	0.6283	0.6494	0.6847	0.7350	0.7389
0.5086	0.5614	1.3638	0.4132	2.4357	0.6261	0.6389	0.6594	0.6930	0.7366	0.7365
0.5050	0.5571	1.3544	0.4076	2.4362	0.6508	0.6399	0.6560	0.6878	0.7336	0.7406
0.5058	0.5573	1.3636	0.4106	2.3995	0.6316	0.6431	0.6659	0.6980	0.7396	0.7431
0.5055	0.5570	1.3583	0.4099	2.4070	0.6436	0.6449	0.6625	0.6953	0.7414	0.7449
0.5071	0.5596	1.3610	0.4106	2.4274	0.6124	0.6378	0.6586	0.6894	0.7349	0.7382
