Metric: | MAE	| NMAE	| RMSE	| MRE	| NPRE	| NDCG1	| NDCG5	| NDCG10	| NDCG20	| NDCG50	| NDCG100	
Avg:	0.4276	0.4709	1.1792	0.3582	2.1419	0.6781	0.6927	0.7119	0.7429	0.7839	0.7830
Std:	0.0013	0.0012	0.0035	0.0022	0.0243	0.0095	0.0049	0.0041	0.0026	0.0011	0.0012

==========================================
Detailed results for 8 rounds:
0.4297	0.4731	1.1808	0.3604	2.1789	0.6751	0.6904	0.7113	0.7434	0.7840	0.7816
0.4284	0.4722	1.1783	0.3608	2.1436	0.6881	0.7021	0.7203	0.7474	0.7845	0.7842
0.4274	0.4710	1.1763	0.3569	2.1592	0.6750	0.6869	0.7074	0.7395	0.7814	0.7824
0.4247	0.4686	1.1720	0.3576	2.1126	0.6842	0.6951	0.7138	0.7445	0.7852	0.7851
0.4275	0.4708	1.1787	0.3594	2.1687	0.6596	0.6858	0.7072	0.7386	0.7837	0.7815
0.4273	0.4700	1.1820	0.3590	2.1408	0.6858	0.6922	0.7088	0.7434	0.7839	0.7831
0.4281	0.4710	1.1843	0.3580	2.1235	0.6877	0.6956	0.7140	0.7436	0.7839	0.7835
0.4277	0.4708	1.1811	0.3532	2.1081	0.6693	0.6931	0.7120	0.7426	0.7848	0.7825
