Metric: | MAE	| NMAE	| RMSE	| MRE	| NPRE	| NDCG1	| NDCG5	| NDCG10	| NDCG20	| NDCG50	| NDCG100	
Avg:	0.4386	0.4830	1.1884	0.3672	2.2345	0.6764	0.6903	0.7085	0.7398	0.7812	0.7807
Std:	0.0010	0.0009	0.0033	0.0020	0.0249	0.0083	0.0048	0.0040	0.0031	0.0016	0.0010

==========================================
Detailed results for 8 rounds:
0.4397	0.4840	1.1884	0.3685	2.2478	0.6732	0.6931	0.7119	0.7436	0.7830	0.7808
0.4384	0.4831	1.1880	0.3673	2.2234	0.6818	0.6991	0.7163	0.7446	0.7816	0.7813
0.4384	0.4831	1.1848	0.3683	2.2606	0.6762	0.6807	0.7017	0.7351	0.7780	0.7800
0.4367	0.4819	1.1820	0.3678	2.2079	0.6824	0.6891	0.7091	0.7414	0.7835	0.7830
0.4401	0.4847	1.1902	0.3698	2.2720	0.6737	0.6897	0.7059	0.7367	0.7813	0.7795
0.4383	0.4822	1.1908	0.3678	2.2512	0.6855	0.6893	0.7068	0.7400	0.7806	0.7809
0.4384	0.4823	1.1924	0.3653	2.2106	0.6812	0.6922	0.7073	0.7392	0.7801	0.7805
0.4389	0.4831	1.1909	0.3629	2.2028	0.6573	0.6889	0.7090	0.7379	0.7816	0.7798
