Metric: | MAE	| NMAE	| RMSE	| MRE	| NPRE	| NDCG1	| NDCG5	| NDCG10	| NDCG20	| NDCG50	| NDCG100	
Avg:	0.4160	0.4581	1.1460	0.3514	2.0839	0.6861	0.7015	0.7215	0.7546	0.7954	0.7933
Std:	0.0010	0.0011	0.0028	0.0023	0.0250	0.0090	0.0057	0.0047	0.0033	0.0015	0.0015

==========================================
Detailed results for 8 rounds:
0.4174	0.4595	1.1434	0.3545	2.1205	0.6870	0.7013	0.7237	0.7567	0.7984	0.7944
0.4175	0.4601	1.1466	0.3537	2.0990	0.6993	0.7104	0.7297	0.7597	0.7956	0.7936
0.4155	0.4580	1.1440	0.3516	2.1086	0.6871	0.7002	0.7207	0.7536	0.7937	0.7927
0.4143	0.4570	1.1410	0.3518	2.0596	0.6772	0.7010	0.7207	0.7535	0.7942	0.7943
0.4165	0.4585	1.1471	0.3528	2.0957	0.6713	0.6953	0.7134	0.7477	0.7938	0.7904
0.4159	0.4572	1.1501	0.3497	2.0842	0.6841	0.6942	0.7164	0.7530	0.7948	0.7918
0.4151	0.4569	1.1484	0.3498	2.0536	0.6988	0.7104	0.7249	0.7568	0.7960	0.7948
0.4158	0.4574	1.1476	0.3470	2.0498	0.6836	0.6994	0.7225	0.7560	0.7967	0.7948
