Metric: | MAE	| NMAE	| RMSE	| MRE	| NPRE	| NDCG1	| NDCG5	| NDCG10	| NDCG20	| NDCG50	| NDCG100	
Avg:	0.4605	0.5072	1.2490	0.3791	2.3251	0.6471	0.6634	0.6825	0.7152	0.7585	0.7624
Std:	0.0014	0.0014	0.0044	0.0021	0.0255	0.0243	0.0101	0.0068	0.0044	0.0034	0.0017

==========================================
Detailed results for 8 rounds:
0.4629	0.5097	1.2493	0.3812	2.3556	0.6623	0.6690	0.6847	0.7187	0.7589	0.7632
0.4617	0.5085	1.2494	0.3808	2.3365	0.5962	0.6435	0.6704	0.7049	0.7520	0.7593
0.4600	0.5070	1.2435	0.3797	2.3662	0.6288	0.6613	0.6829	0.7146	0.7582	0.7633
0.4594	0.5067	1.2449	0.3819	2.3032	0.6746	0.6735	0.6905	0.7197	0.7631	0.7642
0.4580	0.5049	1.2432	0.3760	2.3347	0.6489	0.6590	0.6788	0.7163	0.7614	0.7613
0.4602	0.5063	1.2559	0.3792	2.3136	0.6374	0.6553	0.6752	0.7127	0.7550	0.7603
0.4604	0.5065	1.2528	0.3781	2.2969	0.6725	0.6760	0.6903	0.7181	0.7615	0.7642
0.4617	0.5083	1.2525	0.3762	2.2942	0.6564	0.6692	0.6872	0.7169	0.7583	0.7632
