Metric: | MAE	| NMAE	| RMSE	| MRE	| NPRE	| NDCG1	| NDCG5	| NDCG10	| NDCG20	| NDCG50	| NDCG100	
Avg:	0.4137	0.4556	1.1440	0.3492	2.0634	0.6933	0.7040	0.7235	0.7562	0.7966	0.7945
Std:	0.0015	0.0015	0.0033	0.0016	0.0324	0.0099	0.0068	0.0050	0.0035	0.0020	0.0018

==========================================
Detailed results for 8 rounds:
0.4154	0.4573	1.1408	0.3520	2.1036	0.6943	0.7049	0.7247	0.7575	0.7993	0.7957
0.4131	0.4552	1.1419	0.3491	2.0440	0.7138	0.7127	0.7311	0.7614	0.7968	0.7951
0.4151	0.4575	1.1432	0.3513	2.1173	0.6942	0.7022	0.7220	0.7549	0.7952	0.7942
0.4111	0.4536	1.1395	0.3491	2.0175	0.6837	0.6998	0.7201	0.7540	0.7946	0.7943
0.4129	0.4546	1.1438	0.3487	2.0711	0.6886	0.6984	0.7182	0.7516	0.7956	0.7927
0.4146	0.4558	1.1504	0.3476	2.0681	0.6795	0.6928	0.7158	0.7515	0.7936	0.7911
0.4121	0.4536	1.1449	0.3470	2.0274	0.7008	0.7142	0.7290	0.7598	0.7996	0.7970
0.4154	0.4569	1.1473	0.3490	2.0585	0.6915	0.7072	0.7268	0.7585	0.7977	0.7956
