Metric: | MAE	| NMAE	| RMSE	| MRE	| NPRE	| NDCG1	| NDCG5	| NDCG10	| NDCG20	| NDCG50	| NDCG100	
Avg:	0.4253	0.4683	1.1550	0.3598	2.1638	0.6897	0.7020	0.7216	0.7530	0.7935	0.7919
Std:	0.0015	0.0016	0.0037	0.0024	0.0320	0.0093	0.0055	0.0039	0.0030	0.0022	0.0019

==========================================
Detailed results for 8 rounds:
0.4266	0.4696	1.1524	0.3613	2.1979	0.6811	0.7051	0.7249	0.7555	0.7965	0.7935
0.4273	0.4709	1.1575	0.3643	2.1777	0.6986	0.7062	0.7251	0.7542	0.7893	0.7897
0.4262	0.4698	1.1540	0.3597	2.2124	0.6952	0.6997	0.7196	0.7507	0.7921	0.7916
0.4220	0.4656	1.1483	0.3578	2.1114	0.6917	0.7034	0.7222	0.7532	0.7942	0.7939
0.4246	0.4675	1.1529	0.3612	2.1711	0.6834	0.6990	0.7176	0.7493	0.7940	0.7909
0.4254	0.4677	1.1613	0.3572	2.1606	0.6817	0.6901	0.7140	0.7485	0.7919	0.7885
0.4251	0.4680	1.1565	0.3603	2.1558	0.7068	0.7094	0.7262	0.7573	0.7948	0.7936
0.4252	0.4676	1.1568	0.3564	2.1240	0.6794	0.7031	0.7230	0.7551	0.7953	0.7935
