Metric: | MAE	| NMAE	| RMSE	| MRE	| NPRE	| NDCG1	| NDCG5	| NDCG10	| NDCG20	| NDCG50	| NDCG100	
Avg:	0.5174	0.5707	1.3640	0.4199	2.5293	0.6169	0.6346	0.6549	0.6880	0.7346	0.7389
Std:	0.0015	0.0018	0.0047	0.0013	0.0346	0.0312	0.0117	0.0089	0.0057	0.0035	0.0028

==========================================
Detailed results for 8 rounds:
0.5205	0.5739	1.3714	0.4221	2.5168	0.6316	0.6379	0.6595	0.6859	0.7322	0.7402
0.5174	0.5706	1.3600	0.4210	2.5653	0.5411	0.6068	0.6366	0.6792	0.7285	0.7355
0.5178	0.5716	1.3573	0.4195	2.5994	0.6132	0.6279	0.6456	0.6819	0.7349	0.7377
0.5181	0.5720	1.3674	0.4211	2.5188	0.6260	0.6410	0.6608	0.6916	0.7360	0.7357
0.5163	0.5696	1.3585	0.4175	2.5305	0.6412	0.6391	0.6526	0.6864	0.7329	0.7399
0.5153	0.5678	1.3682	0.4195	2.4815	0.6269	0.6408	0.6640	0.6974	0.7379	0.7416
0.5163	0.5689	1.3643	0.4197	2.5027	0.6473	0.6474	0.6633	0.6942	0.7407	0.7439
0.5178	0.5713	1.3646	0.4191	2.5193	0.6076	0.6357	0.6566	0.6875	0.7332	0.7371
