Metric: | MAE	| NMAE	| RMSE	| MRE	| NPRE	| NDCG1	| NDCG5	| NDCG10	| NDCG20	| NDCG50	| NDCG100	
Avg:	0.4367	0.4810	1.1865	0.3657	2.2239	0.6738	0.6908	0.7096	0.7405	0.7818	0.7814
Std:	0.0006	0.0007	0.0029	0.0023	0.0208	0.0067	0.0051	0.0044	0.0028	0.0011	0.0009

==========================================
Detailed results for 8 rounds:
0.4377	0.4819	1.1858	0.3660	2.2472	0.6658	0.6937	0.7126	0.7443	0.7839	0.7816
0.4366	0.4812	1.1853	0.3665	2.2239	0.6819	0.6988	0.7165	0.7444	0.7815	0.7825
0.4361	0.4806	1.1836	0.3643	2.2390	0.6694	0.6822	0.7030	0.7358	0.7796	0.7811
0.4364	0.4816	1.1813	0.3692	2.2107	0.6730	0.6907	0.7094	0.7415	0.7821	0.7823
0.4374	0.4817	1.1876	0.3680	2.2566	0.6683	0.6846	0.7048	0.7375	0.7814	0.7795
0.4363	0.4800	1.1888	0.3663	2.2177	0.6833	0.6888	0.7066	0.7403	0.7819	0.7813
0.4361	0.4798	1.1895	0.3642	2.2042	0.6808	0.6938	0.7104	0.7396	0.7813	0.7821
0.4371	0.4810	1.1901	0.3612	2.1922	0.6677	0.6939	0.7138	0.7408	0.7826	0.7808
