Metric: | MAE	| NMAE	| RMSE	| MRE	| NPRE	| NDCG1	| NDCG5	| NDCG10	| NDCG20	| NDCG50	| NDCG100	
Avg:	0.4196	0.4620	1.1487	0.3544	2.1179	0.6842	0.7023	0.7223	0.7546	0.7949	0.7930
Std:	0.0005	0.0008	0.0030	0.0027	0.0237	0.0108	0.0067	0.0052	0.0040	0.0018	0.0017

==========================================
Detailed results for 8 rounds:
0.4194	0.4618	1.1448	0.3537	2.1368	0.6762	0.7030	0.7256	0.7569	0.7982	0.7950
0.4201	0.4629	1.1479	0.3566	2.1204	0.7034	0.7151	0.7315	0.7611	0.7957	0.7943
0.4193	0.4622	1.1462	0.3549	2.1525	0.6849	0.6996	0.7187	0.7523	0.7934	0.7931
0.4197	0.4630	1.1450	0.3599	2.1178	0.6818	0.6989	0.7204	0.7534	0.7929	0.7928
0.4201	0.4625	1.1504	0.3547	2.1320	0.6740	0.6962	0.7153	0.7481	0.7938	0.7907
0.4200	0.4617	1.1537	0.3533	2.1212	0.6812	0.6943	0.7168	0.7508	0.7934	0.7900
0.4186	0.4608	1.1511	0.3522	2.0782	0.6999	0.7105	0.7273	0.7590	0.7970	0.7945
0.4192	0.4611	1.1506	0.3503	2.0842	0.6723	0.7005	0.7226	0.7551	0.7950	0.7937
