Metric: | MAE	| NMAE	| RMSE	| MRE	| NPRE	| NDCG1	| NDCG5	| NDCG10	| NDCG20	| NDCG50	| NDCG100	
Avg:	0.4547	0.5008	1.2490	0.3733	2.2190	0.6578	0.6692	0.6873	0.7192	0.7611	0.7642
Std:	0.0011	0.0009	0.0047	0.0021	0.0215	0.0082	0.0060	0.0051	0.0033	0.0021	0.0016

==========================================
Detailed results for 8 rounds:
0.4562	0.5023	1.2481	0.3755	2.2308	0.6498	0.6681	0.6851	0.7177	0.7591	0.7632
0.4544	0.5004	1.2470	0.3696	2.2138	0.6671	0.6780	0.6929	0.7208	0.7631	0.7679
0.4543	0.5008	1.2445	0.3733	2.2634	0.6571	0.6645	0.6847	0.7162	0.7582	0.7633
0.4535	0.5002	1.2439	0.3760	2.2041	0.6714	0.6783	0.6961	0.7258	0.7647	0.7651
0.4530	0.4994	1.2443	0.3735	2.2355	0.6446	0.6636	0.6824	0.7182	0.7610	0.7640
0.4550	0.5006	1.2561	0.3739	2.2051	0.6531	0.6631	0.6821	0.7181	0.7597	0.7626
0.4552	0.5008	1.2554	0.3742	2.1918	0.6608	0.6646	0.6830	0.7147	0.7602	0.7628
0.4562	0.5023	1.2529	0.3703	2.2071	0.6589	0.6735	0.6919	0.7218	0.7630	0.7649
