Metric: | MAE	| NMAE	| RMSE	| MRE	| NPRE	| NDCG1	| NDCG5	| NDCG10	| NDCG20	| NDCG50	| NDCG100	
Avg:	0.5045	0.5564	1.3621	0.4083	2.4008	0.6225	0.6387	0.6587	0.6909	0.7364	0.7406
Std:	0.0018	0.0022	0.0049	0.0016	0.0386	0.0261	0.0060	0.0049	0.0042	0.0027	0.0024

==========================================
Detailed results for 8 rounds:
0.5076	0.5597	1.3699	0.4106	2.3948	0.6274	0.6400	0.6595	0.6872	0.7327	0.7411
0.5059	0.5579	1.3593	0.4090	2.4479	0.5629	0.6302	0.6525	0.6907	0.7365	0.7399
0.5048	0.5572	1.3546	0.4075	2.4697	0.6110	0.6298	0.6496	0.6846	0.7347	0.7391
0.5055	0.5581	1.3678	0.4107	2.3946	0.6284	0.6375	0.6590	0.6910	0.7356	0.7368
0.5041	0.5562	1.3573	0.4061	2.4071	0.6545	0.6444	0.6613	0.6894	0.7351	0.7404
0.5017	0.5528	1.3645	0.4069	2.3474	0.6399	0.6440	0.6651	0.6985	0.7390	0.7431
0.5022	0.5534	1.3600	0.4069	2.3591	0.6405	0.6469	0.6637	0.6960	0.7421	0.7453
0.5042	0.5563	1.3637	0.4084	2.3855	0.6154	0.6372	0.6589	0.6901	0.7352	0.7392
