Metric: | MAE	| NMAE	| RMSE	| MRE	| NPRE	| NDCG1	| NDCG5	| NDCG10	| NDCG20	| NDCG50	| NDCG100	
Avg:	0.4302	0.4737	1.1810	0.3602	2.1695	0.6746	0.6922	0.7103	0.7415	0.7831	0.7822
Std:	0.0005	0.0006	0.0032	0.0019	0.0192	0.0071	0.0037	0.0031	0.0023	0.0010	0.0007

==========================================
Detailed results for 8 rounds:
0.4313	0.4748	1.1811	0.3610	2.1964	0.6788	0.6914	0.7111	0.7431	0.7842	0.7817
0.4298	0.4736	1.1791	0.3605	2.1514	0.6713	0.6993	0.7164	0.7456	0.7830	0.7830
0.4304	0.4743	1.1771	0.3614	2.1937	0.6809	0.6856	0.7060	0.7382	0.7806	0.7819
0.4297	0.4741	1.1766	0.3625	2.1624	0.6732	0.6918	0.7102	0.7417	0.7835	0.7829
0.4295	0.4730	1.1806	0.3604	2.1845	0.6638	0.6893	0.7063	0.7387	0.7832	0.7811
0.4300	0.4730	1.1842	0.3608	2.1715	0.6861	0.6924	0.7096	0.7432	0.7839	0.7829
0.4303	0.4734	1.1863	0.3594	2.1549	0.6770	0.6942	0.7106	0.7409	0.7827	0.7824
0.4304	0.4737	1.1833	0.3556	2.1411	0.6655	0.6939	0.7122	0.7409	0.7837	0.7817
