Metric: | MAE	| NMAE	| RMSE	| MRE	| NPRE	| NDCG1	| NDCG5	| NDCG10	| NDCG20	| NDCG50	| NDCG100	
Avg:	0.4706	0.5183	1.2573	0.3865	2.3942	0.6461	0.6605	0.6795	0.7130	0.7567	0.7605
Std:	0.0014	0.0014	0.0051	0.0018	0.0255	0.0171	0.0081	0.0054	0.0032	0.0026	0.0015

==========================================
Detailed results for 8 rounds:
0.4724	0.5201	1.2582	0.3887	2.4096	0.6509	0.6652	0.6813	0.7169	0.7564	0.7611
0.4720	0.5198	1.2586	0.3878	2.4010	0.6187	0.6485	0.6737	0.7068	0.7527	0.7591
0.4701	0.5183	1.2509	0.3869	2.4358	0.6288	0.6585	0.6790	0.7130	0.7564	0.7618
0.4683	0.5165	1.2523	0.3875	2.3522	0.6604	0.6695	0.6863	0.7172	0.7614	0.7618
0.4688	0.5168	1.2511	0.3846	2.4184	0.6493	0.6505	0.6715	0.7105	0.7572	0.7584
0.4709	0.5180	1.2651	0.3881	2.3883	0.6295	0.6543	0.6741	0.7109	0.7536	0.7586
0.4703	0.5174	1.2592	0.3844	2.3763	0.6701	0.6702	0.6848	0.7141	0.7585	0.7622
0.4722	0.5199	1.2631	0.3840	2.3723	0.6606	0.6671	0.6851	0.7143	0.7572	0.7613
