Metric: | MAE	| NMAE	| RMSE	| MRE	| NPRE	| NDCG1	| NDCG5	| NDCG10	| NDCG20	| NDCG50	| NDCG100	
Avg:	0.4131	0.4549	1.1433	0.3495	2.0510	0.6852	0.7018	0.7221	0.7556	0.7966	0.7944
Std:	0.0014	0.0013	0.0037	0.0023	0.0291	0.0083	0.0057	0.0039	0.0032	0.0018	0.0017

==========================================
Detailed results for 8 rounds:
0.4141	0.4559	1.1405	0.3497	2.0807	0.6833	0.7043	0.7240	0.7571	0.7997	0.7956
0.4150	0.4573	1.1431	0.3534	2.0866	0.7001	0.7099	0.7282	0.7605	0.7965	0.7954
0.4129	0.4551	1.1408	0.3483	2.0835	0.6818	0.6978	0.7200	0.7532	0.7950	0.7938
0.4104	0.4528	1.1380	0.3501	2.0168	0.6805	0.7024	0.7218	0.7545	0.7947	0.7953
0.4135	0.4553	1.1440	0.3517	2.0530	0.6710	0.6942	0.7157	0.7499	0.7950	0.7921
0.4144	0.4556	1.1511	0.3489	2.0524	0.6826	0.6939	0.7176	0.7539	0.7954	0.7914
0.4120	0.4535	1.1440	0.3487	2.0261	0.6932	0.7089	0.7258	0.7583	0.7980	0.7965
0.4128	0.4540	1.1450	0.3452	2.0090	0.6893	0.7028	0.7239	0.7578	0.7984	0.7952
