Metric: | MAE	| NMAE	| RMSE	| MRE	| NPRE	| NDCG1	| NDCG5	| NDCG10	| NDCG20	| NDCG50	| NDCG100	
Avg:	0.5159	0.5690	1.3630	0.4183	2.5181	0.6152	0.6348	0.6555	0.6883	0.7347	0.7391
Std:	0.0014	0.0017	0.0047	0.0013	0.0344	0.0297	0.0121	0.0094	0.0057	0.0037	0.0029

==========================================
Detailed results for 8 rounds:
0.5189	0.5721	1.3704	0.4204	2.5064	0.6282	0.6374	0.6599	0.6867	0.7317	0.7403
0.5159	0.5689	1.3591	0.4195	2.5545	0.5402	0.6062	0.6361	0.6792	0.7282	0.7357
0.5162	0.5698	1.3561	0.4176	2.5871	0.6178	0.6276	0.6468	0.6825	0.7354	0.7378
0.5165	0.5702	1.3662	0.4192	2.5083	0.6228	0.6412	0.6615	0.6918	0.7363	0.7358
0.5147	0.5679	1.3577	0.4159	2.5202	0.6318	0.6382	0.6519	0.6857	0.7326	0.7396
0.5140	0.5663	1.3674	0.4181	2.4696	0.6258	0.6425	0.6658	0.6975	0.7386	0.7419
0.5149	0.5673	1.3634	0.4184	2.4927	0.6432	0.6482	0.6639	0.6947	0.7407	0.7445
0.5160	0.5694	1.3635	0.4174	2.5057	0.6116	0.6367	0.6581	0.6885	0.7340	0.7374
