Metric: | MAE	| NMAE	| RMSE	| MRE	| NPRE	| NDCG1	| NDCG5	| NDCG10	| NDCG20	| NDCG50	| NDCG100	
Avg:	0.4217	0.4644	1.1654	0.3491	2.1314	0.6867	0.6995	0.7185	0.7502	0.7900	0.7889
Std:	0.0010	0.0008	0.0038	0.0013	0.0246	0.0035	0.0042	0.0036	0.0029	0.0019	0.0018

==========================================
Detailed results for 8 rounds:
0.4225	0.4651	1.1612	0.3494	2.1520	0.6823	0.7045	0.7232	0.7539	0.7943	0.7913
0.4221	0.4651	1.1646	0.3502	2.1364	0.6908	0.7011	0.7201	0.7520	0.7890	0.7886
0.4216	0.4648	1.1634	0.3483	2.1696	0.6851	0.6964	0.7173	0.7480	0.7886	0.7888
0.4196	0.4629	1.1599	0.3499	2.0976	0.6893	0.7024	0.7198	0.7515	0.7903	0.7913
0.4220	0.4646	1.1654	0.3513	2.1423	0.6884	0.6956	0.7144	0.7461	0.7889	0.7873
0.4230	0.4650	1.1724	0.3485	2.1452	0.6882	0.6917	0.7113	0.7459	0.7878	0.7856
0.4207	0.4631	1.1672	0.3482	2.1029	0.6892	0.7041	0.7208	0.7518	0.7903	0.7893
0.4223	0.4645	1.1692	0.3471	2.1055	0.6804	0.7002	0.7207	0.7528	0.7909	0.7891
