Metric: | MAE	| NMAE	| RMSE	| MRE	| NPRE	| NDCG1	| NDCG5	| NDCG10	| NDCG20	| NDCG50	| NDCG100	
Avg:	0.5364	0.5916	1.4661	0.4311	2.4949	0.6193	0.6376	0.6580	0.6882	0.7309	0.7343
Std:	0.0015	0.0017	0.0050	0.0020	0.0225	0.0218	0.0098	0.0067	0.0044	0.0033	0.0033

==========================================
Detailed results for 8 rounds:
0.5395	0.5948	1.4741	0.4328	2.5003	0.6362	0.6453	0.6650	0.6913	0.7305	0.7370
0.5356	0.5907	1.4622	0.4320	2.5168	0.5668	0.6144	0.6440	0.6804	0.7266	0.7295
0.5365	0.5922	1.4612	0.4298	2.5412	0.6123	0.6335	0.6523	0.6845	0.7307	0.7303
0.5375	0.5933	1.4701	0.4326	2.4910	0.6195	0.6450	0.6615	0.6893	0.7281	0.7308
0.5349	0.5901	1.4597	0.4293	2.4876	0.6304	0.6369	0.6560	0.6857	0.7289	0.7347
0.5345	0.5889	1.4671	0.4274	2.4686	0.6239	0.6459	0.6659	0.6959	0.7343	0.7385
0.5370	0.5916	1.4714	0.4337	2.4758	0.6430	0.6432	0.6606	0.6894	0.7376	0.7373
0.5358	0.5912	1.4630	0.4307	2.4782	0.6224	0.6364	0.6584	0.6887	0.7305	0.7363
