Metric: | MAE	| NMAE	| RMSE	| MRE	| NPRE	| NDCG1	| NDCG5	| NDCG10	| NDCG20	| NDCG50	| NDCG100	
Avg:	0.5098	0.5623	1.3599	0.4129	2.4677	0.6155	0.6363	0.6566	0.6901	0.7358	0.7399
Std:	0.0013	0.0016	0.0049	0.0015	0.0321	0.0314	0.0110	0.0080	0.0049	0.0034	0.0028

==========================================
Detailed results for 8 rounds:
0.5122	0.5648	1.3671	0.4141	2.4536	0.6261	0.6387	0.6584	0.6872	0.7331	0.7408
0.5094	0.5618	1.3551	0.4135	2.5007	0.5368	0.6094	0.6390	0.6825	0.7300	0.7365
0.5097	0.5626	1.3527	0.4122	2.5336	0.6168	0.6312	0.6505	0.6859	0.7358	0.7394
0.5112	0.5643	1.3639	0.4155	2.4640	0.6276	0.6399	0.6611	0.6929	0.7374	0.7363
0.5082	0.5607	1.3549	0.4099	2.4667	0.6386	0.6417	0.6553	0.6887	0.7340	0.7407
0.5088	0.5605	1.3648	0.4129	2.4282	0.6286	0.6440	0.6654	0.6980	0.7397	0.7428
0.5086	0.5604	1.3595	0.4127	2.4368	0.6412	0.6467	0.6644	0.6958	0.7415	0.7449
0.5103	0.5631	1.3612	0.4125	2.4583	0.6087	0.6386	0.6590	0.6894	0.7348	0.7382
