Metric: | MAE	| NMAE	| RMSE	| MRE	| NPRE	| NDCG1	| NDCG5	| NDCG10	| NDCG20	| NDCG50	| NDCG100	
Avg:	0.5049	0.5568	1.3601	0.4091	2.4160	0.6172	0.6359	0.6571	0.6898	0.7356	0.7403
Std:	0.0015	0.0019	0.0046	0.0014	0.0361	0.0268	0.0090	0.0072	0.0049	0.0031	0.0027

==========================================
Detailed results for 8 rounds:
0.5074	0.5594	1.3673	0.4094	2.4029	0.6196	0.6397	0.6596	0.6874	0.7330	0.7411
0.5057	0.5577	1.3567	0.4100	2.4571	0.5562	0.6172	0.6441	0.6860	0.7324	0.7381
0.5053	0.5578	1.3535	0.4097	2.4863	0.6124	0.6273	0.6490	0.6833	0.7350	0.7387
0.5058	0.5584	1.3647	0.4112	2.4060	0.6236	0.6410	0.6613	0.6931	0.7363	0.7373
0.5038	0.5558	1.3554	0.4062	2.4205	0.6439	0.6342	0.6533	0.6856	0.7322	0.7396
0.5028	0.5540	1.3635	0.4087	2.3741	0.6369	0.6454	0.6674	0.6980	0.7394	0.7437
0.5028	0.5540	1.3578	0.4084	2.3751	0.6426	0.6453	0.6627	0.6954	0.7414	0.7454
0.5052	0.5575	1.3615	0.4090	2.4063	0.6026	0.6373	0.6592	0.6894	0.7348	0.7385
