Metric: | MAE	| NMAE	| RMSE	| MRE	| NPRE	| NDCG1	| NDCG5	| NDCG10	| NDCG20	| NDCG50	| NDCG100	
Avg:	0.4424	0.4873	1.1917	0.3710	2.2660	0.6741	0.6903	0.7089	0.7395	0.7810	0.7804
Std:	0.0003	0.0006	0.0030	0.0027	0.0228	0.0089	0.0049	0.0041	0.0028	0.0014	0.0008

==========================================
Detailed results for 8 rounds:
0.4429	0.4875	1.1908	0.3717	2.2818	0.6594	0.6916	0.7108	0.7430	0.7833	0.7807
0.4423	0.4875	1.1906	0.3712	2.2647	0.6801	0.6993	0.7163	0.7434	0.7805	0.7810
0.4423	0.4875	1.1888	0.3712	2.2864	0.6841	0.6811	0.7015	0.7346	0.7778	0.7795
0.4426	0.4884	1.1866	0.3754	2.2607	0.6784	0.6900	0.7088	0.7398	0.7806	0.7812
0.4428	0.4876	1.1918	0.3732	2.2978	0.6692	0.6873	0.7052	0.7363	0.7813	0.7786
0.4423	0.4865	1.1944	0.3712	2.2734	0.6848	0.6885	0.7071	0.7401	0.7813	0.7807
0.4424	0.4867	1.1967	0.3680	2.2356	0.6732	0.6936	0.7099	0.7402	0.7813	0.7811
0.4420	0.4865	1.1935	0.3661	2.2275	0.6633	0.6907	0.7113	0.7385	0.7816	0.7803
