Metric: | MAE	| NMAE	| RMSE	| MRE	| NPRE	| NDCG1	| NDCG5	| NDCG10	| NDCG20	| NDCG50	| NDCG100	
Avg:	0.4317	0.4754	1.1634	0.3753	2.1619	0.6833	0.7007	0.7223	0.7575	0.8015	0.7986
Std:	0.0013	0.0017	0.0031	0.0037	0.0256	0.0112	0.0045	0.0032	0.0026	0.0017	0.0015

==========================================
Detailed results for 8 rounds:
0.4331	0.4768	1.1603	0.3799	2.1916	0.6821	0.7061	0.7257	0.7611	0.8048	0.7999
0.4335	0.4777	1.1621	0.3795	2.1900	0.7055	0.7064	0.7270	0.7612	0.8029	0.8004
0.4326	0.4768	1.1646	0.3769	2.1748	0.6858	0.6981	0.7195	0.7557	0.8012	0.7975
0.4315	0.4760	1.1586	0.3775	2.1801	0.6743	0.6989	0.7198	0.7552	0.7995	0.7991
0.4290	0.4722	1.1628	0.3707	2.1391	0.6816	0.6995	0.7212	0.7553	0.8011	0.7971
0.4318	0.4747	1.1695	0.3734	2.1613	0.6675	0.6932	0.7172	0.7539	0.7989	0.7958
0.4315	0.4750	1.1649	0.3752	2.1434	0.6936	0.7054	0.7251	0.7587	0.8016	0.8000
0.4310	0.4740	1.1646	0.3691	2.1147	0.6756	0.6979	0.7226	0.7589	0.8019	0.7991
