Metric: | MAE	| NMAE	| RMSE	| MRE	| NPRE	| NDCG1	| NDCG5	| NDCG10	| NDCG20	| NDCG50	| NDCG100	
Avg:	0.5355	0.5906	1.4230	0.4641	2.7800	0.6385	0.6466	0.6651	0.6949	0.7359	0.7373
Std:	0.0018	0.0021	0.0054	0.0020	0.0323	0.0198	0.0077	0.0053	0.0039	0.0035	0.0027

==========================================
Detailed results for 8 rounds:
0.5393	0.5946	1.4321	0.4653	2.8028	0.6322	0.6495	0.6658	0.6920	0.7317	0.7373
0.5346	0.5896	1.4193	0.4644	2.7979	0.5905	0.6283	0.6537	0.6886	0.7344	0.7345
0.5355	0.5911	1.4173	0.4619	2.8461	0.6356	0.6445	0.6627	0.6931	0.7342	0.7349
0.5369	0.5927	1.4283	0.4658	2.7808	0.6461	0.6507	0.6660	0.6946	0.7328	0.7333
0.5337	0.5888	1.4162	0.4651	2.7657	0.6513	0.6442	0.6632	0.6939	0.7337	0.7374
0.5334	0.5876	1.4243	0.4596	2.7510	0.6528	0.6550	0.6723	0.7013	0.7395	0.7414
0.5353	0.5898	1.4270	0.4652	2.7448	0.6570	0.6501	0.6662	0.6953	0.7420	0.7405
0.5349	0.5903	1.4195	0.4650	2.7509	0.6429	0.6509	0.6709	0.7004	0.7389	0.7394
