Metric: | MAE	| NMAE	| RMSE	| MRE	| NPRE	| NDCG1	| NDCG5	| NDCG10	| NDCG20	| NDCG50	| NDCG100	
Avg:	0.5693	0.6269	1.3521	0.6234	3.6301	0.6204	0.6418	0.6627	0.6961	0.7382	0.7461
Std:	0.0011	0.0011	0.0042	0.0067	0.0222	0.0064	0.0035	0.0026	0.0018	0.0019	0.0011

==========================================
Detailed results for 8 rounds:
0.5688	0.6261	1.3483	0.6160	3.6362	0.6070	0.6406	0.6630	0.6959	0.7395	0.7460
0.5681	0.6260	1.3500	0.6231	3.6149	0.6247	0.6415	0.6645	0.6988	0.7396	0.7483
0.5701	0.6284	1.3533	0.6186	3.6776	0.6198	0.6401	0.6608	0.6934	0.7370	0.7450
0.5679	0.6265	1.3455	0.6186	3.6220	0.6169	0.6485	0.6681	0.6991	0.7398	0.7460
0.5702	0.6277	1.3509	0.6276	3.6486	0.6268	0.6460	0.6616	0.6960	0.7385	0.7472
0.5695	0.6260	1.3598	0.6227	3.6213	0.6189	0.6365	0.6593	0.6952	0.7344	0.7449
0.5713	0.6289	1.3544	0.6388	3.6019	0.6208	0.6414	0.6603	0.6951	0.7364	0.7460
0.5689	0.6257	1.3551	0.6214	3.6180	0.6288	0.6395	0.6638	0.6955	0.7400	0.7456
