Metric: | MAE	| NMAE	| RMSE	| MRE	| NPRE	| NDCG1	| NDCG5	| NDCG10	| NDCG20	| NDCG50	| NDCG100	
Avg:	0.5086	0.5602	1.2898	0.4952	2.9890	0.6534	0.6678	0.6870	0.7197	0.7593	0.7620
Std:	0.0012	0.0014	0.0041	0.0036	0.0415	0.0074	0.0056	0.0044	0.0031	0.0024	0.0011

==========================================
Detailed results for 8 rounds:
0.5109	0.5626	1.2921	0.4943	3.0235	0.6590	0.6698	0.6872	0.7209	0.7580	0.7607
0.5086	0.5601	1.2900	0.4950	2.9431	0.6493	0.6581	0.6806	0.7128	0.7555	0.7620
0.5092	0.5613	1.2867	0.4965	3.0569	0.6433	0.6658	0.6857	0.7178	0.7570	0.7618
0.5083	0.5606	1.2862	0.5020	2.9551	0.6584	0.6757	0.6941	0.7225	0.7616	0.7621
0.5069	0.5587	1.2833	0.4977	3.0170	0.6483	0.6627	0.6813	0.7192	0.7619	0.7619
0.5081	0.5590	1.2973	0.4895	3.0118	0.6450	0.6655	0.6859	0.7215	0.7572	0.7605
0.5073	0.5581	1.2917	0.4914	2.9332	0.6589	0.6748	0.6893	0.7196	0.7618	0.7642
0.5097	0.5613	1.2913	0.4954	2.9713	0.6651	0.6704	0.6917	0.7235	0.7610	0.7632
