Metric: | MAE	| NMAE	| RMSE	| MRE	| NPRE	| NDCG1	| NDCG5	| NDCG10	| NDCG20	| NDCG50	| NDCG100	
Avg:	0.5331	0.5871	1.3005	0.5641	3.2744	0.6357	0.6510	0.6717	0.7051	0.7471	0.7540
Std:	0.0010	0.0009	0.0045	0.0031	0.0348	0.0095	0.0077	0.0051	0.0029	0.0022	0.0015

==========================================
Detailed results for 8 rounds:
0.5338	0.5876	1.3004	0.5576	3.3005	0.6335	0.6600	0.6718	0.7046	0.7485	0.7537
0.5314	0.5856	1.2958	0.5660	3.2358	0.6238	0.6528	0.6737	0.7078	0.7486	0.7561
0.5334	0.5878	1.2991	0.5646	3.3179	0.6246	0.6377	0.6634	0.7018	0.7451	0.7543
0.5321	0.5871	1.2933	0.5669	3.2562	0.6563	0.6569	0.6779	0.7110	0.7501	0.7558
0.5333	0.5873	1.3001	0.5649	3.3089	0.6386	0.6432	0.6664	0.7024	0.7467	0.7528
0.5337	0.5871	1.3088	0.5626	3.2933	0.6346	0.6462	0.6682	0.7026	0.7427	0.7517
0.5326	0.5859	1.3032	0.5680	3.2135	0.6398	0.6607	0.6791	0.7063	0.7475	0.7552
0.5345	0.5883	1.3033	0.5623	3.2687	0.6343	0.6505	0.6733	0.7044	0.7478	0.7523
