Metric: | MAE	| NMAE	| RMSE	| MRE	| NPRE	| NDCG1	| NDCG5	| NDCG10	| NDCG20	| NDCG50	| NDCG100	
Avg:	0.6456	0.7109	1.4445	0.7092	4.4020	0.5876	0.6104	0.6320	0.6652	0.7149	0.7299
Std:	0.0042	0.0045	0.0041	0.0110	0.0669	0.0144	0.0050	0.0032	0.0021	0.0018	0.0017

==========================================
Detailed results for 8 rounds:
0.6450	0.7100	1.4459	0.6961	4.4161	0.5862	0.6061	0.6288	0.6624	0.7148	0.7283
0.6401	0.7055	1.4376	0.7028	4.3058	0.5748	0.6123	0.6359	0.6701	0.7180	0.7331
0.6442	0.7099	1.4456	0.6988	4.4299	0.5927	0.6008	0.6267	0.6641	0.7131	0.7282
0.6445	0.7112	1.4387	0.7134	4.4089	0.6092	0.6169	0.6370	0.6659	0.7162	0.7310
0.6535	0.7197	1.4466	0.7286	4.5004	0.5624	0.6091	0.6317	0.6654	0.7147	0.7309
0.6511	0.7162	1.4509	0.7239	4.4487	0.5788	0.6099	0.6312	0.6648	0.7121	0.7278
0.6424	0.7068	1.4465	0.7033	4.2865	0.5926	0.6166	0.6324	0.6645	0.7143	0.7301
0.6436	0.7084	1.4445	0.7065	4.4200	0.6039	0.6118	0.6319	0.6647	0.7163	0.7299
