Metric: | MAE	| NMAE	| RMSE	| MRE	| NPRE	| NDCG1	| NDCG5	| NDCG10	| NDCG20	| NDCG50	| NDCG100	
Avg:	0.4889	0.5385	1.2794	0.4408	2.3776	0.6670	0.6794	0.6992	0.7316	0.7711	0.7684
Std:	0.0024	0.0027	0.0042	0.0028	0.0299	0.0108	0.0065	0.0050	0.0044	0.0027	0.0011

==========================================
Detailed results for 8 rounds:
0.4907	0.5403	1.2794	0.4441	2.3985	0.6583	0.6759	0.6961	0.7290	0.7698	0.7671
0.4930	0.5429	1.2840	0.4418	2.3831	0.6824	0.6796	0.6985	0.7302	0.7680	0.7681
0.4877	0.5376	1.2750	0.4425	2.4197	0.6565	0.6712	0.6925	0.7252	0.7682	0.7671
0.4909	0.5414	1.2784	0.4442	2.4124	0.6700	0.6898	0.7089	0.7394	0.7756	0.7700
0.4850	0.5346	1.2714	0.4383	2.3629	0.6499	0.6751	0.6969	0.7323	0.7711	0.7676
0.4876	0.5364	1.2818	0.4403	2.3555	0.6735	0.6896	0.7052	0.7374	0.7750	0.7703
0.4895	0.5385	1.2844	0.4399	2.3639	0.6802	0.6801	0.6980	0.7290	0.7711	0.7689
0.4870	0.5362	1.2811	0.4353	2.3248	0.6655	0.6740	0.6972	0.7299	0.7702	0.7685
