Metric: | MAE	| NMAE	| RMSE	| MRE	| NPRE	| NDCG1	| NDCG5	| NDCG10	| NDCG20	| NDCG50	| NDCG100	
Avg:	0.5416	0.5974	1.4333	0.4739	2.2297	0.6432	0.6506	0.6667	0.6956	0.7352	0.7338
Std:	0.0016	0.0020	0.0056	0.0021	0.0270	0.0228	0.0078	0.0056	0.0049	0.0047	0.0030

==========================================
Detailed results for 8 rounds:
0.5448	0.6007	1.4424	0.4757	2.2110	0.6556	0.6537	0.6672	0.6930	0.7298	0.7319
0.5403	0.5959	1.4303	0.4714	2.2562	0.5883	0.6357	0.6597	0.6911	0.7332	0.7326
0.5414	0.5976	1.4275	0.4739	2.2638	0.6284	0.6419	0.6605	0.6910	0.7309	0.7311
0.5435	0.6000	1.4387	0.4757	2.2152	0.6583	0.6506	0.6652	0.6928	0.7304	0.7290
0.5409	0.5968	1.4254	0.4751	2.2663	0.6533	0.6495	0.6629	0.6925	0.7342	0.7344
0.5411	0.5962	1.4369	0.4725	2.2138	0.6589	0.6608	0.6770	0.7042	0.7420	0.7381
0.5395	0.5944	1.4358	0.4702	2.1876	0.6564	0.6548	0.6679	0.6975	0.7406	0.7364
0.5417	0.5977	1.4293	0.4764	2.2240	0.6462	0.6577	0.6732	0.7029	0.7401	0.7369
