Metric: | MAE	| NMAE	| RMSE	| MRE	| NPRE	| NDCG1	| NDCG5	| NDCG10	| NDCG20	| NDCG50	| NDCG100	
Avg:	0.6354	0.6997	1.4273	0.7003	4.3383	0.5980	0.6155	0.6373	0.6694	0.7184	0.7337
Std:	0.0011	0.0014	0.0031	0.0027	0.0349	0.0089	0.0046	0.0024	0.0017	0.0017	0.0013

==========================================
Detailed results for 8 rounds:
0.6370	0.7013	1.4259	0.6992	4.3479	0.5810	0.6152	0.6350	0.6702	0.7183	0.7328
0.6328	0.6974	1.4232	0.6973	4.2692	0.5971	0.6133	0.6413	0.6717	0.7201	0.7364
0.6357	0.7007	1.4278	0.6972	4.3873	0.5937	0.6127	0.6346	0.6681	0.7179	0.7325
0.6362	0.7019	1.4234	0.7042	4.3734	0.6040	0.6173	0.6396	0.6707	0.7193	0.7343
0.6357	0.6999	1.4270	0.7026	4.3475	0.6114	0.6267	0.6401	0.6708	0.7193	0.7350
0.6353	0.6984	1.4333	0.6975	4.3377	0.6068	0.6148	0.6356	0.6688	0.7151	0.7324
0.6351	0.6991	1.4281	0.7032	4.3043	0.5925	0.6124	0.6357	0.6660	0.7164	0.7332
0.6353	0.6988	1.4299	0.7015	4.3393	0.5977	0.6118	0.6367	0.6689	0.7205	0.7333
