Metric: | MAE	| NMAE	| RMSE	| MRE	| NPRE	| NDCG1	| NDCG5	| NDCG10	| NDCG20	| NDCG50	| NDCG100	
Avg:	0.4511	0.4968	1.2041	0.3901	2.2512	0.6725	0.6915	0.7123	0.7477	0.7906	0.7873
Std:	0.0019	0.0022	0.0034	0.0038	0.0330	0.0119	0.0027	0.0017	0.0013	0.0016	0.0010

==========================================
Detailed results for 8 rounds:
0.4527	0.4983	1.2042	0.3933	2.2847	0.6618	0.6915	0.7119	0.7480	0.7909	0.7862
0.4541	0.5005	1.2089	0.3938	2.2536	0.6928	0.6929	0.7138	0.7470	0.7882	0.7855
0.4533	0.4995	1.2050	0.3965	2.3079	0.6707	0.6876	0.7090	0.7458	0.7880	0.7863
0.4481	0.4944	1.1971	0.3864	2.2049	0.6518	0.6913	0.7108	0.7459	0.7918	0.7885
0.4505	0.4961	1.2014	0.3885	2.2681	0.6805	0.6900	0.7123	0.7477	0.7927	0.7884
0.4494	0.4943	1.2043	0.3894	2.2366	0.6799	0.6953	0.7133	0.7493	0.7921	0.7877
0.4505	0.4957	1.2070	0.3883	2.2441	0.6764	0.6952	0.7148	0.7487	0.7905	0.7877
0.4505	0.4958	1.2051	0.3846	2.2100	0.6659	0.6880	0.7128	0.7492	0.7904	0.7880
