Metric: | MAE	| NMAE	| RMSE	| MRE	| NPRE	| NDCG1	| NDCG5	| NDCG10	| NDCG20	| NDCG50	| NDCG100	
Avg:	0.5390	0.5936	1.3246	0.5582	3.3247	0.6290	0.6472	0.6696	0.7036	0.7456	0.7512
Std:	0.0013	0.0015	0.0046	0.0039	0.0504	0.0104	0.0085	0.0052	0.0030	0.0020	0.0018

==========================================
Detailed results for 8 rounds:
0.5410	0.5957	1.3280	0.5546	3.3469	0.6389	0.6541	0.6687	0.7043	0.7444	0.7510
0.5388	0.5933	1.3240	0.5607	3.2757	0.6137	0.6311	0.6615	0.6967	0.7432	0.7508
0.5401	0.5954	1.3217	0.5598	3.4193	0.6131	0.6447	0.6683	0.7035	0.7453	0.7526
0.5381	0.5935	1.3204	0.5624	3.2793	0.6361	0.6521	0.6751	0.7044	0.7464	0.7511
0.5376	0.5925	1.3176	0.5638	3.3521	0.6279	0.6390	0.6642	0.7024	0.7466	0.7510
0.5389	0.5929	1.3335	0.5518	3.3526	0.6262	0.6452	0.6674	0.7043	0.7425	0.7475
0.5372	0.5910	1.3254	0.5558	3.2552	0.6434	0.6592	0.6768	0.7072	0.7481	0.7541
0.5403	0.5949	1.3264	0.5570	3.3163	0.6324	0.6520	0.6751	0.7062	0.7482	0.7516
