Metric: | MAE	| NMAE	| RMSE	| MRE	| NPRE	| NDCG1	| NDCG5	| NDCG10	| NDCG20	| NDCG50	| NDCG100	
Avg:	0.4706	0.5182	1.2164	0.4512	2.6711	0.6768	0.6906	0.7098	0.7411	0.7804	0.7800
Std:	0.0008	0.0009	0.0035	0.0023	0.0345	0.0044	0.0049	0.0039	0.0029	0.0023	0.0010

==========================================
Detailed results for 8 rounds:
0.4720	0.5196	1.2161	0.4513	2.7092	0.6756	0.6966	0.7154	0.7459	0.7844	0.7806
0.4708	0.5189	1.2154	0.4518	2.6640	0.6801	0.6921	0.7109	0.7399	0.7794	0.7803
0.4697	0.5176	1.2131	0.4498	2.7028	0.6751	0.6846	0.7065	0.7388	0.7768	0.7800
0.4697	0.5183	1.2100	0.4569	2.6475	0.6818	0.6960	0.7138	0.7441	0.7819	0.7814
0.4708	0.5184	1.2170	0.4510	2.7036	0.6730	0.6818	0.7033	0.7370	0.7799	0.7781
0.4710	0.5181	1.2221	0.4503	2.6913	0.6819	0.6884	0.7062	0.7385	0.7777	0.7791
0.4694	0.5164	1.2194	0.4498	2.6050	0.6784	0.6928	0.7104	0.7413	0.7807	0.7802
0.4711	0.5184	1.2181	0.4488	2.6457	0.6684	0.6928	0.7121	0.7429	0.7821	0.7807
