Metric: | MAE	| NMAE	| RMSE	| MRE	| NPRE	| NDCG1	| NDCG5	| NDCG10	| NDCG20	| NDCG50	| NDCG100	
Avg:	0.4942	0.5443	1.2447	0.4996	2.9223	0.6639	0.6766	0.6955	0.7276	0.7680	0.7709
Std:	0.0012	0.0010	0.0040	0.0021	0.0420	0.0062	0.0051	0.0042	0.0031	0.0024	0.0010

==========================================
Detailed results for 8 rounds:
0.4956	0.5456	1.2449	0.4968	2.9588	0.6732	0.6795	0.6971	0.7286	0.7696	0.7705
0.4930	0.5433	1.2419	0.5003	2.8932	0.6617	0.6755	0.6950	0.7270	0.7676	0.7717
0.4941	0.5445	1.2430	0.4977	2.9555	0.6587	0.6671	0.6892	0.7238	0.7659	0.7710
0.4923	0.5432	1.2368	0.5014	2.8860	0.6704	0.6856	0.7034	0.7350	0.7714	0.7728
0.4947	0.5448	1.2450	0.4997	2.9604	0.6543	0.6738	0.6918	0.7257	0.7685	0.7700
0.4956	0.5451	1.2510	0.5031	2.9741	0.6700	0.6740	0.6924	0.7260	0.7632	0.7694
0.4932	0.5426	1.2474	0.5006	2.8536	0.6596	0.6773	0.6967	0.7274	0.7680	0.7707
0.4951	0.5449	1.2474	0.4974	2.8967	0.6630	0.6797	0.6986	0.7273	0.7697	0.7708
