Metric: | MAE	| NMAE	| RMSE	| MRE	| NPRE	| NDCG1	| NDCG5	| NDCG10	| NDCG20	| NDCG50	| NDCG100	
Avg:	0.6599	0.7269	1.4805	0.7167	4.5076	0.5698	0.5999	0.6222	0.6572	0.7076	0.7222
Std:	0.0017	0.0023	0.0036	0.0076	0.0747	0.0191	0.0102	0.0089	0.0063	0.0034	0.0036

==========================================
Detailed results for 8 rounds:
0.6620	0.7289	1.4855	0.7066	4.5303	0.5607	0.5985	0.6202	0.6529	0.7061	0.7195
0.6580	0.7247	1.4775	0.7241	4.3947	0.5600	0.6048	0.6234	0.6600	0.7106	0.7264
0.6621	0.7299	1.4811	0.7091	4.6229	0.5510	0.5871	0.6174	0.6545	0.7077	0.7197
0.6610	0.7290	1.4778	0.7247	4.5021	0.5684	0.5837	0.6034	0.6432	0.7019	0.7151
0.6590	0.7264	1.4760	0.7209	4.5297	0.5424	0.5955	0.6214	0.6634	0.7047	0.7232
0.6585	0.7245	1.4867	0.7070	4.5441	0.5817	0.6035	0.6271	0.6601	0.7064	0.7230
0.6577	0.7236	1.4797	0.7161	4.3874	0.6000	0.6148	0.6352	0.6614	0.7100	0.7258
0.6612	0.7281	1.4796	0.7248	4.5497	0.5940	0.6111	0.6296	0.6621	0.7134	0.7246
