Metric: | MAE	| NMAE	| RMSE	| MRE	| NPRE	| NDCG1	| NDCG5	| NDCG10	| NDCG20	| NDCG50	| NDCG100	
Avg:	0.5982	0.6588	1.3993	0.6563	3.9149	0.6125	0.6323	0.6537	0.6857	0.7295	0.7387
Std:	0.0010	0.0013	0.0040	0.0050	0.0489	0.0164	0.0074	0.0039	0.0018	0.0017	0.0011

==========================================
Detailed results for 8 rounds:
0.5987	0.6591	1.3999	0.6477	3.9493	0.6180	0.6418	0.6524	0.6857	0.7322	0.7382
0.5972	0.6581	1.3939	0.6635	3.8772	0.5982	0.6293	0.6555	0.6875	0.7299	0.7404
0.5995	0.6607	1.4009	0.6552	3.9857	0.6141	0.6193	0.6480	0.6832	0.7271	0.7368
0.5974	0.6592	1.3922	0.6565	3.9001	0.6298	0.6411	0.6610	0.6886	0.7315	0.7396
0.5990	0.6597	1.3991	0.6612	3.9539	0.5762	0.6245	0.6491	0.6841	0.7292	0.7396
0.5971	0.6568	1.4057	0.6499	3.9090	0.6157	0.6303	0.6527	0.6872	0.7274	0.7374
0.5973	0.6571	1.4016	0.6578	3.8171	0.6199	0.6377	0.6566	0.6838	0.7287	0.7389
0.5996	0.6599	1.4008	0.6585	3.9271	0.6282	0.6341	0.6542	0.6858	0.7306	0.7390
