Metric: | MAE	| NMAE	| RMSE	| MRE	| NPRE	| NDCG1	| NDCG5	| NDCG10	| NDCG20	| NDCG50	| NDCG100	
Avg:	0.4481	0.4934	1.1977	0.3954	2.3158	0.6805	0.6954	0.7154	0.7479	0.7891	0.7866
Std:	0.0013	0.0012	0.0037	0.0023	0.0258	0.0086	0.0029	0.0026	0.0016	0.0013	0.0010

==========================================
Detailed results for 8 rounds:
0.4498	0.4951	1.1971	0.3982	2.3417	0.6783	0.6973	0.7188	0.7505	0.7913	0.7876
0.4493	0.4952	1.1980	0.3973	2.3110	0.6945	0.7008	0.7195	0.7503	0.7891	0.7873
0.4473	0.4929	1.1959	0.3935	2.3437	0.6825	0.6919	0.7129	0.7463	0.7868	0.7866
0.4453	0.4914	1.1899	0.3959	2.2843	0.6835	0.6937	0.7147	0.7482	0.7902	0.7882
0.4481	0.4935	1.1972	0.3971	2.3307	0.6657	0.6923	0.7113	0.7460	0.7892	0.7847
0.4479	0.4927	1.2017	0.3969	2.3220	0.6874	0.6978	0.7154	0.7475	0.7886	0.7861
0.4480	0.4929	1.2032	0.3929	2.2659	0.6822	0.6957	0.7151	0.7467	0.7882	0.7863
0.4488	0.4939	1.1987	0.3913	2.3275	0.6701	0.6937	0.7156	0.7480	0.7895	0.7861
