Metric: | MAE	| NMAE	| RMSE	| MRE	| NPRE	| NDCG1	| NDCG5	| NDCG10	| NDCG20	| NDCG50	| NDCG100	
Avg:	0.4383	0.4826	1.1681	0.4003	2.2182	0.6862	0.6999	0.7214	0.7575	0.8024	0.7988
Std:	0.0019	0.0022	0.0031	0.0029	0.0223	0.0073	0.0037	0.0027	0.0018	0.0009	0.0011

==========================================
Detailed results for 8 rounds:
0.4380	0.4822	1.1668	0.3995	2.2171	0.7014	0.7056	0.7253	0.7602	0.8045	0.7997
0.4425	0.4877	1.1708	0.4057	2.2639	0.6878	0.7048	0.7243	0.7589	0.8026	0.7991
0.4386	0.4834	1.1697	0.3997	2.2309	0.6874	0.7012	0.7211	0.7573	0.8022	0.7987
0.4373	0.4824	1.1613	0.4025	2.2297	0.6868	0.6968	0.7201	0.7575	0.8014	0.7993
0.4358	0.4798	1.1664	0.3950	2.2037	0.6731	0.6945	0.7164	0.7535	0.8016	0.7965
0.4390	0.4826	1.1720	0.4019	2.2164	0.6863	0.6978	0.7196	0.7570	0.8024	0.7977
0.4365	0.4804	1.1690	0.3995	2.1951	0.6847	0.7008	0.7233	0.7578	0.8017	0.7997
0.4383	0.4821	1.1687	0.3988	2.1890	0.6823	0.6974	0.7214	0.7582	0.8024	0.7996
