Metric: | MAE	| NMAE	| RMSE	| MRE	| NPRE	| NDCG1	| NDCG5	| NDCG10	| NDCG20	| NDCG50	| NDCG100	
Avg:	0.6492	0.7150	1.4814	0.7094	4.4185	0.5809	0.6075	0.6307	0.6643	0.7122	0.7244
Std:	0.0018	0.0022	0.0037	0.0082	0.0669	0.0189	0.0101	0.0081	0.0053	0.0032	0.0035

==========================================
Detailed results for 8 rounds:
0.6502	0.7160	1.4857	0.6978	4.4202	0.5894	0.6158	0.6310	0.6621	0.7124	0.7225
0.6476	0.7132	1.4783	0.7216	4.3352	0.5715	0.6131	0.6352	0.6685	0.7163	0.7292
0.6515	0.7182	1.4811	0.7078	4.5497	0.5559	0.5884	0.6191	0.6550	0.7099	0.7208
0.6489	0.7156	1.4773	0.7106	4.4025	0.5756	0.5959	0.6190	0.6574	0.7088	0.7184
0.6484	0.7147	1.4766	0.7149	4.4447	0.5559	0.6073	0.6302	0.6710	0.7086	0.7266
0.6470	0.7119	1.4878	0.6968	4.4262	0.5855	0.6055	0.6309	0.6662	0.7101	0.7245
0.6477	0.7126	1.4818	0.7086	4.3203	0.6130	0.6206	0.6454	0.6686	0.7149	0.7283
0.6520	0.7179	1.4829	0.7171	4.4491	0.6003	0.6133	0.6346	0.6660	0.7168	0.7252
