Metric: | MAE	| NMAE	| RMSE	| MRE	| NPRE	| NDCG1	| NDCG5	| NDCG10	| NDCG20	| NDCG50	| NDCG100	
Avg:	0.4710	0.5186	1.2054	0.4693	2.7164	0.6746	0.6896	0.7077	0.7399	0.7789	0.7806
Std:	0.0006	0.0008	0.0033	0.0029	0.0298	0.0045	0.0036	0.0037	0.0024	0.0023	0.0012

==========================================
Detailed results for 8 rounds:
0.4713	0.5188	1.2019	0.4686	2.7304	0.6763	0.6928	0.7111	0.7423	0.7822	0.7820
0.4707	0.5186	1.2054	0.4648	2.7176	0.6769	0.6880	0.7045	0.7381	0.7768	0.7798
0.4706	0.5187	1.2039	0.4671	2.7523	0.6696	0.6879	0.7057	0.7394	0.7784	0.7807
0.4711	0.5197	1.2008	0.4745	2.7076	0.6774	0.6905	0.7110	0.7421	0.7789	0.7817
0.4717	0.5193	1.2044	0.4724	2.7565	0.6828	0.6903	0.7064	0.7361	0.7799	0.7800
0.4709	0.5177	1.2113	0.4671	2.7096	0.6708	0.6828	0.7013	0.7372	0.7745	0.7781
0.4699	0.5172	1.2060	0.4694	2.6562	0.6683	0.6886	0.7085	0.7404	0.7791	0.7808
0.4719	0.5190	1.2093	0.4704	2.7010	0.6745	0.6960	0.7133	0.7432	0.7814	0.7818
