Metric: | MAE	| NMAE	| RMSE	| MRE	| NPRE	| NDCG1	| NDCG5	| NDCG10	| NDCG20	| NDCG50	| NDCG100	
Avg:	0.6401	0.7059	1.4976	0.7204	4.4264	0.5904	0.6140	0.6359	0.6671	0.7110	0.7154
Std:	0.0025	0.0031	0.0047	0.0100	0.0601	0.0269	0.0109	0.0077	0.0066	0.0053	0.0037

==========================================
Detailed results for 8 rounds:
0.6427	0.7086	1.5036	0.7255	4.4901	0.6199	0.6278	0.6450	0.6735	0.7143	0.7186
0.6391	0.7048	1.4934	0.7239	4.4087	0.5323	0.5936	0.6255	0.6643	0.7089	0.7117
0.6433	0.7100	1.4969	0.7349	4.5475	0.5830	0.6130	0.6326	0.6649	0.7093	0.7137
0.6404	0.7070	1.5013	0.7164	4.4421	0.5815	0.6162	0.6324	0.6603	0.7067	0.7096
0.6403	0.7064	1.4917	0.7284	4.4086	0.5881	0.5998	0.6266	0.6581	0.7010	0.7129
0.6346	0.6992	1.4954	0.6993	4.3626	0.5993	0.6230	0.6482	0.6800	0.7174	0.7201
0.6394	0.7044	1.5050	0.7148	4.3703	0.6267	0.6184	0.6361	0.6683	0.7180	0.7185
0.6407	0.7070	1.4938	0.7197	4.3808	0.5926	0.6205	0.6405	0.6673	0.7123	0.7184
