Metric: | MAE	| NMAE	| RMSE	| MRE	| NPRE	| NDCG1	| NDCG5	| NDCG10	| NDCG20	| NDCG50	| NDCG100	
Avg:	0.4888	0.5384	1.2735	0.4477	2.7114	0.6626	0.6764	0.6948	0.7271	0.7659	0.7668
Std:	0.0011	0.0012	0.0043	0.0035	0.0342	0.0066	0.0043	0.0038	0.0028	0.0017	0.0008

==========================================
Detailed results for 8 rounds:
0.4904	0.5400	1.2738	0.4481	2.7425	0.6702	0.6802	0.6971	0.7293	0.7658	0.7667
0.4901	0.5397	1.2758	0.4472	2.6949	0.6601	0.6767	0.6923	0.7224	0.7635	0.7679
0.4889	0.5390	1.2692	0.4496	2.7671	0.6570	0.6784	0.6968	0.7271	0.7654	0.7670
0.4884	0.5387	1.2690	0.4556	2.6902	0.6662	0.6834	0.7015	0.7306	0.7682	0.7670
0.4866	0.5363	1.2675	0.4463	2.7321	0.6520	0.6691	0.6883	0.7254	0.7666	0.7658
0.4892	0.5382	1.2810	0.4465	2.7279	0.6576	0.6713	0.6915	0.7276	0.7630	0.7654
0.4880	0.5369	1.2759	0.4432	2.6589	0.6717	0.6751	0.6939	0.7241	0.7675	0.7672
0.4890	0.5384	1.2758	0.4450	2.6778	0.6666	0.6774	0.6969	0.7306	0.7671	0.7678
