Metric: | MAE	| NMAE	| RMSE	| MRE	| NPRE	| NDCG1	| NDCG5	| NDCG10	| NDCG20	| NDCG50	| NDCG100	
Avg:	0.4781	0.5266	1.2737	0.4021	2.3031	0.6669	0.6799	0.6998	0.7323	0.7721	0.7693
Std:	0.0023	0.0025	0.0051	0.0031	0.0282	0.0064	0.0039	0.0033	0.0023	0.0016	0.0008

==========================================
Detailed results for 8 rounds:
0.4795	0.5280	1.2724	0.4051	2.3174	0.6739	0.6813	0.6988	0.7329	0.7720	0.7689
0.4828	0.5317	1.2801	0.4039	2.3384	0.6628	0.6783	0.6999	0.7302	0.7689	0.7696
0.4766	0.5254	1.2670	0.4046	2.3423	0.6671	0.6818	0.7015	0.7334	0.7727	0.7698
0.4788	0.5281	1.2699	0.4037	2.3145	0.6770	0.6881	0.7063	0.7362	0.7751	0.7705
0.4744	0.5229	1.2668	0.4000	2.2904	0.6548	0.6760	0.6943	0.7291	0.7711	0.7677
0.4786	0.5266	1.2799	0.4032	2.2845	0.6680	0.6811	0.7018	0.7338	0.7729	0.7697
0.4773	0.5251	1.2774	0.4009	2.2809	0.6643	0.6757	0.6970	0.7295	0.7722	0.7687
0.4766	0.5248	1.2758	0.3953	2.2560	0.6672	0.6764	0.6988	0.7332	0.7721	0.7696
