Metric: | MAE	| NMAE	| RMSE	| MRE	| NPRE	| NDCG1	| NDCG5	| NDCG10	| NDCG20	| NDCG50	| NDCG100	
Avg:	0.4464	0.4916	1.1989	0.3817	2.2368	0.6777	0.6963	0.7167	0.7506	0.7914	0.7881
Std:	0.0016	0.0016	0.0036	0.0032	0.0291	0.0142	0.0041	0.0030	0.0018	0.0012	0.0005

==========================================
Detailed results for 8 rounds:
0.4481	0.4933	1.1999	0.3834	2.2703	0.6942	0.7007	0.7201	0.7534	0.7936	0.7885
0.4491	0.4949	1.2005	0.3874	2.2478	0.6906	0.7003	0.7198	0.7517	0.7910	0.7877
0.4462	0.4917	1.1976	0.3824	2.2807	0.6842	0.6989	0.7175	0.7507	0.7904	0.7887
0.4436	0.4895	1.1914	0.3814	2.1978	0.6526	0.6897	0.7112	0.7470	0.7909	0.7884
0.4457	0.4908	1.1962	0.3827	2.2470	0.6666	0.6964	0.7171	0.7516	0.7934	0.7885
0.4458	0.4904	1.2006	0.3815	2.2395	0.6803	0.6918	0.7130	0.7495	0.7903	0.7876
0.4459	0.4906	1.2039	0.3792	2.2022	0.6900	0.7002	0.7190	0.7514	0.7913	0.7882
0.4468	0.4917	1.2014	0.3755	2.2093	0.6628	0.6926	0.7159	0.7496	0.7905	0.7872
