Metric: | MAE	| NMAE	| RMSE	| MRE	| NPRE	| NDCG1	| NDCG5	| NDCG10	| NDCG20	| NDCG50	| NDCG100	
Avg:	0.5853	0.6446	1.3886	0.6373	3.7924	0.6093	0.6311	0.6539	0.6871	0.7308	0.7383
Std:	0.0015	0.0019	0.0047	0.0040	0.0584	0.0151	0.0080	0.0049	0.0021	0.0020	0.0021

==========================================
Detailed results for 8 rounds:
0.5874	0.6468	1.3937	0.6347	3.8146	0.6245	0.6419	0.6561	0.6861	0.7315	0.7378
0.5843	0.6434	1.3863	0.6402	3.7222	0.5917	0.6254	0.6539	0.6873	0.7321	0.7412
0.5876	0.6477	1.3878	0.6407	3.9079	0.5855	0.6207	0.6477	0.6840	0.7279	0.7368
0.5846	0.6448	1.3849	0.6381	3.7597	0.6053	0.6270	0.6507	0.6845	0.7291	0.7358
0.5839	0.6436	1.3813	0.6428	3.8153	0.6156	0.6244	0.6495	0.6887	0.7302	0.7392
0.5849	0.6435	1.3975	0.6290	3.8164	0.6107	0.6296	0.6520	0.6883	0.7287	0.7360
0.5832	0.6416	1.3886	0.6358	3.7129	0.6347	0.6438	0.6642	0.6906	0.7323	0.7417
0.5863	0.6456	1.3884	0.6370	3.7904	0.6062	0.6362	0.6573	0.6878	0.7344	0.7382
