Metric: | MAE	| NMAE	| RMSE	| MRE	| NPRE	| NDCG1	| NDCG5	| NDCG10	| NDCG20	| NDCG50	| NDCG100	
Avg:	0.5946	0.6558	1.4496	0.6264	3.8296	0.6095	0.6296	0.6506	0.6815	0.7245	0.7279
Std:	0.0021	0.0026	0.0046	0.0067	0.0511	0.0217	0.0103	0.0073	0.0053	0.0042	0.0034

==========================================
Detailed results for 8 rounds:
0.5977	0.6591	1.4564	0.6293	3.8800	0.6278	0.6422	0.6610	0.6868	0.7258	0.7313
0.5940	0.6551	1.4462	0.6293	3.8234	0.5611	0.6074	0.6381	0.6759	0.7220	0.7239
0.5966	0.6585	1.4474	0.6323	3.9359	0.6095	0.6325	0.6493	0.6823	0.7271	0.7272
0.5950	0.6568	1.4532	0.6262	3.8384	0.5912	0.6322	0.6494	0.6781	0.7193	0.7221
0.5944	0.6558	1.4437	0.6320	3.8086	0.6207	0.6195	0.6426	0.6737	0.7178	0.7260
0.5900	0.6501	1.4484	0.6101	3.7746	0.6160	0.6370	0.6599	0.6910	0.7284	0.7317
0.5944	0.6549	1.4561	0.6246	3.7847	0.6322	0.6329	0.6505	0.6813	0.7308	0.7308
0.5946	0.6561	1.4454	0.6270	3.7913	0.6175	0.6331	0.6543	0.6827	0.7250	0.7304
