Metric: | MAE	| NMAE	| RMSE	| MRE	| NPRE	| NDCG1	| NDCG5	| NDCG10	| NDCG20	| NDCG50	| NDCG100	
Avg:	0.5246	0.5786	1.4266	0.4165	2.3959	0.6424	0.6502	0.6675	0.6966	0.7367	0.7376
Std:	0.0019	0.0022	0.0061	0.0024	0.0288	0.0176	0.0051	0.0050	0.0038	0.0035	0.0025

==========================================
Detailed results for 8 rounds:
0.5280	0.5821	1.4354	0.4188	2.3926	0.6433	0.6510	0.6667	0.6936	0.7332	0.7373
0.5241	0.5780	1.4239	0.4168	2.4233	0.6035	0.6399	0.6614	0.6940	0.7364	0.7361
0.5242	0.5786	1.4186	0.4157	2.4551	0.6284	0.6472	0.6627	0.6939	0.7347	0.7360
0.5268	0.5816	1.4322	0.4202	2.4037	0.6559	0.6491	0.6620	0.6917	0.7312	0.7327
0.5217	0.5756	1.4178	0.4134	2.3795	0.6401	0.6488	0.6680	0.6971	0.7362	0.7383
0.5230	0.5762	1.4303	0.4136	2.3612	0.6571	0.6576	0.6765	0.7036	0.7409	0.7411
0.5246	0.5780	1.4313	0.4187	2.3719	0.6527	0.6550	0.6709	0.6974	0.7409	0.7399
0.5244	0.5787	1.4236	0.4144	2.3802	0.6581	0.6527	0.6720	0.7012	0.7403	0.7392
