Metric: | MAE	| NMAE	| RMSE	| MRE	| NPRE	| NDCG1	| NDCG5	| NDCG10	| NDCG20	| NDCG50	| NDCG100	
Avg:	0.5040	0.5558	1.3621	0.4075	2.3973	0.6251	0.6398	0.6594	0.6918	0.7368	0.7412
Std:	0.0018	0.0022	0.0050	0.0015	0.0383	0.0245	0.0067	0.0048	0.0041	0.0027	0.0025

==========================================
Detailed results for 8 rounds:
0.5070	0.5590	1.3697	0.4098	2.3901	0.6286	0.6416	0.6602	0.6886	0.7340	0.7415
0.5054	0.5574	1.3594	0.4084	2.4434	0.5691	0.6310	0.6536	0.6917	0.7368	0.7405
0.5042	0.5565	1.3542	0.4068	2.4672	0.6140	0.6296	0.6504	0.6848	0.7350	0.7392
0.5049	0.5573	1.3679	0.4092	2.3896	0.6408	0.6409	0.6609	0.6925	0.7364	0.7374
0.5035	0.5555	1.3572	0.4052	2.4012	0.6523	0.6476	0.6635	0.6914	0.7356	0.7418
0.5013	0.5523	1.3646	0.4063	2.3453	0.6376	0.6433	0.6645	0.6987	0.7392	0.7434
0.5016	0.5527	1.3595	0.4061	2.3551	0.6424	0.6487	0.6644	0.6968	0.7427	0.7461
0.5038	0.5560	1.3639	0.4079	2.3865	0.6157	0.6352	0.6580	0.6898	0.7345	0.7393
