Metric: | MAE	| NMAE	| RMSE	| MRE	| NPRE	| NDCG1	| NDCG5	| NDCG10	| NDCG20	| NDCG50	| NDCG100	
Avg:	0.6315	0.6965	1.4652	0.6373	3.5622	0.5568	0.5762	0.6027	0.6387	0.6963	0.7156
Std:	0.0012	0.0016	0.0037	0.0036	0.0316	0.0230	0.0125	0.0080	0.0087	0.0066	0.0029

==========================================
Detailed results for 8 rounds:
0.6331	0.6980	1.4712	0.6326	3.5352	0.5748	0.5738	0.5947	0.6356	0.6944	0.7164
0.6328	0.6978	1.4637	0.6432	3.6134	0.5226	0.5879	0.6086	0.6388	0.6956	0.7171
0.6310	0.6965	1.4630	0.6380	3.5873	0.5547	0.5748	0.6081	0.6519	0.6979	0.7137
0.6321	0.6978	1.4684	0.6390	3.5381	0.5344	0.5618	0.5895	0.6228	0.6846	0.7114
0.6322	0.6975	1.4579	0.6367	3.5944	0.5525	0.5600	0.5987	0.6378	0.6934	0.7123
0.6310	0.6953	1.4653	0.6413	3.5293	0.5406	0.5666	0.5982	0.6389	0.6962	0.7154
0.6292	0.6932	1.4664	0.6339	3.5274	0.5918	0.5967	0.6136	0.6506	0.7101	0.7209
0.6305	0.6957	1.4654	0.6334	3.5723	0.5834	0.5877	0.6104	0.6336	0.6985	0.7172
