Metric: | MAE	| NMAE	| RMSE	| MRE	| NPRE	| NDCG1	| NDCG5	| NDCG10	| NDCG20	| NDCG50	| NDCG100	
Avg:	0.4376	0.4820	1.1914	0.3724	2.2257	0.6582	0.6768	0.6960	0.7277	0.7706	0.7720
Std:	0.0011	0.0014	0.0029	0.0028	0.0225	0.0066	0.0077	0.0059	0.0041	0.0023	0.0016

==========================================
Detailed results for 8 rounds:
0.4392	0.4834	1.1948	0.3728	2.2480	0.6666	0.6686	0.6881	0.7219	0.7667	0.7696
0.4355	0.4799	1.1851	0.3711	2.2119	0.6562	0.6870	0.7058	0.7342	0.7716	0.7747
0.4378	0.4825	1.1913	0.3710	2.2294	0.6443	0.6626	0.6870	0.7215	0.7666	0.7697
0.4391	0.4845	1.1895	0.3786	2.2482	0.6600	0.6763	0.6972	0.7298	0.7715	0.7725
0.4376	0.4819	1.1909	0.3743	2.2539	0.6604	0.6753	0.6941	0.7265	0.7724	0.7720
0.4374	0.4811	1.1938	0.3728	2.2093	0.6548	0.6787	0.6960	0.7290	0.7718	0.7727
0.4366	0.4804	1.1933	0.3697	2.2209	0.6657	0.6851	0.6996	0.7314	0.7730	0.7734
0.4378	0.4819	1.1929	0.3690	2.1838	0.6575	0.6811	0.7003	0.7271	0.7710	0.7715
