Metric: | MAE	| NMAE	| RMSE	| MRE	| NPRE	| NDCG1	| NDCG5	| NDCG10	| NDCG20	| NDCG50	| NDCG100	
Avg:	0.5044	0.5563	1.3621	0.4080	2.3987	0.6244	0.6389	0.6584	0.6910	0.7364	0.7407
Std:	0.0018	0.0022	0.0051	0.0016	0.0380	0.0272	0.0064	0.0049	0.0041	0.0028	0.0024

==========================================
Detailed results for 8 rounds:
0.5075	0.5596	1.3699	0.4103	2.3896	0.6227	0.6380	0.6580	0.6873	0.7326	0.7407
0.5058	0.5578	1.3591	0.4090	2.4422	0.5636	0.6292	0.6503	0.6893	0.7357	0.7397
0.5048	0.5572	1.3541	0.4080	2.4691	0.6152	0.6301	0.6511	0.6849	0.7352	0.7392
0.5054	0.5579	1.3681	0.4098	2.3937	0.6422	0.6404	0.6603	0.6923	0.7357	0.7369
0.5039	0.5560	1.3573	0.4055	2.4044	0.6545	0.6468	0.6624	0.6908	0.7353	0.7409
0.5017	0.5527	1.3648	0.4065	2.3475	0.6446	0.6436	0.6644	0.6982	0.7395	0.7430
0.5021	0.5532	1.3596	0.4068	2.3561	0.6421	0.6469	0.6626	0.6957	0.7420	0.7453
0.5040	0.5562	1.3636	0.4079	2.3868	0.6106	0.6366	0.6580	0.6897	0.7349	0.7395
