Metric: | MAE	| NMAE	| RMSE	| MRE	| NPRE	| NDCG1	| NDCG5	| NDCG10	| NDCG20	| NDCG50	| NDCG100	
Avg:	0.6288	0.6926	1.4181	0.7198	3.7874	0.5569	0.5854	0.6090	0.6470	0.7058	0.7277
Std:	0.0014	0.0020	0.0025	0.0049	0.0289	0.0210	0.0103	0.0077	0.0053	0.0042	0.0025

==========================================
Detailed results for 8 rounds:
0.6292	0.6928	1.4184	0.7120	3.7521	0.5903	0.5851	0.6058	0.6438	0.7041	0.7271
0.6279	0.6915	1.4173	0.7210	3.7664	0.5343	0.5847	0.6092	0.6422	0.7054	0.7288
0.6288	0.6932	1.4194	0.7227	3.8234	0.5505	0.5815	0.6103	0.6442	0.7091	0.7273
0.6312	0.6961	1.4165	0.7222	3.8122	0.5362	0.5637	0.5942	0.6390	0.6964	0.7228
0.6299	0.6943	1.4142	0.7294	3.8093	0.5338	0.5990	0.6176	0.6508	0.7055	0.7282
0.6289	0.6919	1.4230	0.7186	3.7934	0.5689	0.5917	0.6143	0.6523	0.7100	0.7295
0.6260	0.6887	1.4165	0.7171	3.7392	0.5844	0.5963	0.6186	0.6557	0.7106	0.7318
0.6287	0.6922	1.4199	0.7157	3.8030	0.5569	0.5810	0.6023	0.6484	0.7055	0.7261
