Metric: | MAE	| NMAE	| RMSE	| MRE	| NPRE	| NDCG1	| NDCG5	| NDCG10	| NDCG20	| NDCG50	| NDCG100	
Avg:	0.4502	0.4958	1.2439	0.3673	2.2155	0.6693	0.6742	0.6915	0.7227	0.7642	0.7675
Std:	0.0010	0.0009	0.0046	0.0022	0.0202	0.0140	0.0070	0.0054	0.0033	0.0023	0.0014

==========================================
Detailed results for 8 rounds:
0.4512	0.4969	1.2430	0.3676	2.2342	0.6745	0.6788	0.6944	0.7260	0.7645	0.7683
0.4513	0.4970	1.2440	0.3678	2.2135	0.6803	0.6741	0.6917	0.7199	0.7623	0.7685
0.4489	0.4948	1.2386	0.3642	2.2443	0.6619	0.6707	0.6892	0.7201	0.7618	0.7674
0.4497	0.4960	1.2400	0.3709	2.2069	0.6892	0.6868	0.7010	0.7292	0.7684	0.7692
0.4486	0.4944	1.2388	0.3666	2.2343	0.6497	0.6635	0.6829	0.7192	0.7639	0.7651
0.4511	0.4963	1.2526	0.3690	2.2167	0.6516	0.6659	0.6852	0.7205	0.7614	0.7653
0.4503	0.4954	1.2484	0.3681	2.1851	0.6848	0.6774	0.6928	0.7221	0.7669	0.7682
0.4502	0.4957	1.2458	0.3638	2.1888	0.6628	0.6767	0.6948	0.7244	0.7644	0.7679
