Metric: | MAE	| NMAE	| RMSE	| MRE	| NPRE	| NDCG1	| NDCG5	| NDCG10	| NDCG20	| NDCG50	| NDCG100	
Avg:	0.5040	0.5559	1.3621	0.4075	2.3971	0.6245	0.6396	0.6593	0.6918	0.7366	0.7412
Std:	0.0018	0.0022	0.0050	0.0016	0.0381	0.0239	0.0067	0.0048	0.0043	0.0027	0.0025

==========================================
Detailed results for 8 rounds:
0.5070	0.5591	1.3698	0.4099	2.3888	0.6301	0.6411	0.6593	0.6885	0.7336	0.7415
0.5055	0.5574	1.3594	0.4084	2.4430	0.5692	0.6308	0.6532	0.6914	0.7365	0.7405
0.5042	0.5565	1.3542	0.4067	2.4664	0.6162	0.6293	0.6507	0.6847	0.7347	0.7393
0.5049	0.5574	1.3678	0.4093	2.3909	0.6374	0.6417	0.6609	0.6930	0.7364	0.7375
0.5035	0.5555	1.3573	0.4051	2.4015	0.6506	0.6465	0.6635	0.6910	0.7355	0.7415
0.5014	0.5524	1.3647	0.4064	2.3453	0.6374	0.6434	0.6645	0.6991	0.7392	0.7435
0.5016	0.5526	1.3594	0.4061	2.3546	0.6417	0.6487	0.6645	0.6967	0.7426	0.7462
0.5038	0.5560	1.3638	0.4079	2.3867	0.6136	0.6354	0.6581	0.6897	0.7346	0.7394
