Metric: | MAE	| NMAE	| RMSE	| MRE	| NPRE	| NDCG1	| NDCG5	| NDCG10	| NDCG20	| NDCG50	| NDCG100	
Avg:	0.4504	0.4961	1.2440	0.3677	2.2170	0.6686	0.6739	0.6914	0.7226	0.7641	0.7674
Std:	0.0010	0.0009	0.0046	0.0024	0.0207	0.0139	0.0067	0.0053	0.0031	0.0021	0.0013

==========================================
Detailed results for 8 rounds:
0.4516	0.4973	1.2432	0.3681	2.2382	0.6708	0.6780	0.6936	0.7256	0.7639	0.7680
0.4515	0.4972	1.2439	0.3682	2.2142	0.6778	0.6739	0.6913	0.7200	0.7627	0.7684
0.4490	0.4950	1.2387	0.3645	2.2438	0.6622	0.6707	0.6893	0.7204	0.7621	0.7674
0.4501	0.4965	1.2402	0.3718	2.2121	0.6895	0.6861	0.7011	0.7285	0.7680	0.7690
0.4488	0.4947	1.2390	0.3670	2.2358	0.6485	0.6634	0.6830	0.7190	0.7638	0.7652
0.4513	0.4965	1.2527	0.3695	2.2186	0.6519	0.6663	0.6857	0.7207	0.7614	0.7654
0.4503	0.4954	1.2484	0.3683	2.1834	0.6849	0.6764	0.6926	0.7222	0.7667	0.7680
0.4504	0.4959	1.2458	0.3641	2.1894	0.6637	0.6762	0.6949	0.7247	0.7641	0.7677
