Metric: | MAE	| NMAE	| RMSE	| MRE	| NPRE	| NDCG1	| NDCG5	| NDCG10	| NDCG20	| NDCG50	| NDCG100	
Avg:	0.4028	0.4435	1.1339	0.3312	1.9611	0.7155	0.7195	0.7374	0.7685	0.8075	0.8063
Std:	0.0008	0.0007	0.0029	0.0019	0.0194	0.0071	0.0059	0.0045	0.0033	0.0016	0.0016

==========================================
Detailed results for 8 rounds:
0.4038	0.4446	1.1311	0.3321	1.9808	0.7165	0.7215	0.7399	0.7713	0.8107	0.8074
0.4026	0.4436	1.1327	0.3315	1.9556	0.7316	0.7303	0.7459	0.7750	0.8088	0.8078
0.4023	0.4434	1.1329	0.3305	1.9806	0.7083	0.7192	0.7368	0.7666	0.8063	0.8057
0.4016	0.4431	1.1293	0.3339	1.9547	0.7169	0.7244	0.7395	0.7698	0.8076	0.8082
0.4037	0.4444	1.1344	0.3334	1.9837	0.7143	0.7131	0.7323	0.7645	0.8072	0.8035
0.4033	0.4434	1.1390	0.3309	1.9645	0.7115	0.7114	0.7323	0.7649	0.8053	0.8043
0.4018	0.4423	1.1355	0.3294	1.9238	0.7171	0.7213	0.7393	0.7690	0.8073	0.8075
0.4030	0.4433	1.1364	0.3278	1.9449	0.7075	0.7148	0.7329	0.7668	0.8065	0.8063
