Metric: | MAE	| NMAE	| RMSE	| MRE	| NPRE	| NDCG1	| NDCG5	| NDCG10	| NDCG20	| NDCG50	| NDCG100	
Avg:	0.4062	0.4473	1.1361	0.3380	1.9866	0.7045	0.7143	0.7328	0.7651	0.8045	0.8034
Std:	0.0008	0.0007	0.0029	0.0019	0.0221	0.0098	0.0064	0.0048	0.0034	0.0016	0.0016

==========================================
Detailed results for 8 rounds:
0.4075	0.4486	1.1336	0.3387	2.0126	0.7007	0.7169	0.7361	0.7673	0.8075	0.8046
0.4062	0.4476	1.1347	0.3381	1.9865	0.7250	0.7251	0.7415	0.7719	0.8058	0.8048
0.4058	0.4473	1.1347	0.3378	2.0128	0.7004	0.7157	0.7325	0.7637	0.8031	0.8035
0.4049	0.4467	1.1318	0.3403	1.9769	0.7079	0.7188	0.7346	0.7662	0.8050	0.8049
0.4067	0.4477	1.1360	0.3395	2.0049	0.7043	0.7097	0.7281	0.7620	0.8042	0.8012
0.4073	0.4478	1.1419	0.3387	1.9899	0.6914	0.7038	0.7258	0.7602	0.8017	0.8005
0.4053	0.4461	1.1381	0.3370	1.9493	0.7110	0.7166	0.7352	0.7662	0.8046	0.8043
0.4059	0.4465	1.1376	0.3338	1.9598	0.6953	0.7080	0.7287	0.7630	0.8039	0.8032
