Metric: | MAE	| NMAE	| RMSE	| MRE	| NPRE	| NDCG1	| NDCG5	| NDCG10	| NDCG20	| NDCG50	| NDCG100	
Avg:	0.4262	0.4693	1.1602	0.3661	2.1658	0.6724	0.6870	0.7066	0.7387	0.7796	0.7805
Std:	0.0014	0.0016	0.0033	0.0021	0.0260	0.0124	0.0083	0.0071	0.0052	0.0035	0.0021

==========================================
Detailed results for 8 rounds:
0.4279	0.4711	1.1571	0.3684	2.1823	0.6813	0.6936	0.7125	0.7420	0.7833	0.7817
0.4243	0.4676	1.1572	0.3653	2.1494	0.6848	0.6970	0.7151	0.7448	0.7792	0.7819
0.4260	0.4695	1.1578	0.3663	2.2187	0.6752	0.6846	0.7053	0.7370	0.7793	0.7806
0.4272	0.4713	1.1618	0.3691	2.1659	0.6438	0.6716	0.6956	0.7303	0.7724	0.7771
0.4260	0.4690	1.1599	0.3671	2.1662	0.6732	0.6798	0.6984	0.7326	0.7780	0.7784
0.4277	0.4702	1.1676	0.3661	2.1747	0.6678	0.6821	0.7012	0.7357	0.7783	0.7784
0.4238	0.4664	1.1583	0.3633	2.1312	0.6844	0.6951	0.7143	0.7446	0.7837	0.7834
0.4267	0.4693	1.1622	0.3629	2.1377	0.6688	0.6923	0.7102	0.7425	0.7828	0.7824
