Metric: | MAE	| NMAE	| RMSE	| MRE	| NPRE	| NDCG1	| NDCG5	| NDCG10	| NDCG20	| NDCG50	| NDCG100	
Avg:	0.4222	0.4650	1.1756	0.3485	2.0816	0.6939	0.7015	0.7190	0.7495	0.7893	0.7885
Std:	0.0008	0.0007	0.0032	0.0016	0.0206	0.0092	0.0040	0.0031	0.0025	0.0012	0.0012

==========================================
Detailed results for 8 rounds:
0.4226	0.4652	1.1755	0.3479	2.0904	0.6961	0.7021	0.7198	0.7504	0.7899	0.7877
0.4219	0.4650	1.1738	0.3484	2.0725	0.7049	0.7085	0.7245	0.7525	0.7897	0.7895
0.4232	0.4663	1.1752	0.3482	2.1130	0.6928	0.6972	0.7160	0.7461	0.7867	0.7881
0.4203	0.4638	1.1687	0.3498	2.0588	0.7032	0.7061	0.7234	0.7533	0.7910	0.7911
0.4218	0.4646	1.1752	0.3494	2.1020	0.6926	0.6987	0.7167	0.7487	0.7903	0.7876
0.4228	0.4651	1.1791	0.3503	2.0957	0.6956	0.7017	0.7166	0.7498	0.7891	0.7886
0.4227	0.4650	1.1796	0.3489	2.0691	0.6936	0.7022	0.7190	0.7490	0.7890	0.7885
0.4226	0.4651	1.1778	0.3449	2.0509	0.6726	0.6957	0.7164	0.7460	0.7882	0.7871
