Metric: | MAE	| NMAE	| RMSE	| MRE	| NPRE	| NDCG1	| NDCG5	| NDCG10	| NDCG20	| NDCG50	| NDCG100	
Avg:	0.4132	0.4550	1.1437	0.3497	2.0463	0.6855	0.7019	0.7222	0.7553	0.7962	0.7943
Std:	0.0015	0.0015	0.0031	0.0021	0.0302	0.0119	0.0062	0.0047	0.0033	0.0016	0.0016

==========================================
Detailed results for 8 rounds:
0.4151	0.4570	1.1419	0.3521	2.0757	0.6741	0.7024	0.7238	0.7579	0.7989	0.7953
0.4146	0.4569	1.1425	0.3529	2.0703	0.7060	0.7100	0.7295	0.7601	0.7963	0.7952
0.4139	0.4562	1.1427	0.3506	2.0932	0.6844	0.6983	0.7183	0.7523	0.7940	0.7931
0.4106	0.4530	1.1386	0.3495	2.0112	0.6912	0.7035	0.7222	0.7543	0.7955	0.7954
0.4118	0.4534	1.1432	0.3480	2.0364	0.6717	0.6951	0.7168	0.7504	0.7952	0.7922
0.4146	0.4558	1.1500	0.3499	2.0573	0.6768	0.6931	0.7160	0.7523	0.7948	0.7917
0.4124	0.4540	1.1456	0.3486	2.0160	0.7009	0.7120	0.7283	0.7592	0.7978	0.7961
0.4128	0.4540	1.1448	0.3457	2.0106	0.6789	0.7006	0.7229	0.7559	0.7973	0.7955
