Metric: | MAE	| NMAE	| RMSE	| MRE	| NPRE	| NDCG1	| NDCG5	| NDCG10	| NDCG20	| NDCG50	| NDCG100	
Avg:	0.4034	0.4442	1.1342	0.3325	1.9653	0.7145	0.7186	0.7368	0.7678	0.8069	0.8059
Std:	0.0009	0.0007	0.0030	0.0018	0.0203	0.0097	0.0064	0.0049	0.0036	0.0019	0.0016

==========================================
Detailed results for 8 rounds:
0.4046	0.4454	1.1312	0.3336	1.9903	0.7188	0.7225	0.7402	0.7712	0.8108	0.8069
0.4031	0.4442	1.1327	0.3325	1.9564	0.7336	0.7309	0.7462	0.7746	0.8087	0.8075
0.4027	0.4439	1.1331	0.3314	1.9864	0.7095	0.7153	0.7351	0.7646	0.8050	0.8054
0.4021	0.4436	1.1294	0.3350	1.9558	0.7142	0.7223	0.7383	0.7696	0.8068	0.8076
0.4044	0.4452	1.1352	0.3350	1.9873	0.7172	0.7140	0.7326	0.7644	0.8068	0.8035
0.4040	0.4441	1.1395	0.3320	1.9690	0.7058	0.7096	0.7304	0.7632	0.8045	0.8033
0.4025	0.4431	1.1356	0.3311	1.9300	0.7182	0.7213	0.7391	0.7684	0.8066	0.8069
0.4038	0.4441	1.1367	0.3294	1.9476	0.6990	0.7131	0.7322	0.7661	0.8061	0.8057
