Metric: | MAE	| NMAE	| RMSE	| MRE	| NPRE	| NDCG1	| NDCG5	| NDCG10	| NDCG20	| NDCG50	| NDCG100	
Avg:	0.4501	0.4957	1.2438	0.3672	2.2157	0.6686	0.6746	0.6918	0.7229	0.7643	0.7676
Std:	0.0010	0.0009	0.0046	0.0022	0.0211	0.0142	0.0073	0.0055	0.0034	0.0023	0.0015

==========================================
Detailed results for 8 rounds:
0.4512	0.4969	1.2430	0.3675	2.2353	0.6734	0.6795	0.6942	0.7261	0.7643	0.7683
0.4512	0.4969	1.2439	0.3677	2.2133	0.6798	0.6750	0.6922	0.7202	0.7626	0.7687
0.4487	0.4947	1.2386	0.3640	2.2431	0.6614	0.6716	0.6897	0.7206	0.7621	0.7675
0.4496	0.4959	1.2399	0.3708	2.2058	0.6886	0.6880	0.7021	0.7297	0.7687	0.7695
0.4486	0.4945	1.2385	0.3667	2.2399	0.6474	0.6635	0.6834	0.7194	0.7640	0.7653
0.4511	0.4963	1.2526	0.3690	2.2156	0.6525	0.6657	0.6852	0.7204	0.7615	0.7652
0.4502	0.4953	1.2484	0.3681	2.1845	0.6844	0.6773	0.6925	0.7221	0.7669	0.7682
0.4501	0.4956	1.2457	0.3637	2.1883	0.6613	0.6763	0.6953	0.7245	0.7644	0.7680
