Metric: | MAE	| NMAE	| RMSE	| MRE	| NPRE	| NDCG1	| NDCG5	| NDCG10	| NDCG20	| NDCG50	| NDCG100	
Avg:	0.4131	0.4549	1.1440	0.3489	2.0445	0.6870	0.7024	0.7228	0.7556	0.7966	0.7945
Std:	0.0013	0.0012	0.0034	0.0018	0.0285	0.0093	0.0058	0.0049	0.0038	0.0020	0.0016

==========================================
Detailed results for 8 rounds:
0.4141	0.4558	1.1419	0.3499	2.0576	0.6720	0.7041	0.7244	0.7577	0.7993	0.7953
0.4120	0.4540	1.1415	0.3475	2.0315	0.7034	0.7078	0.7288	0.7598	0.7961	0.7945
0.4143	0.4567	1.1429	0.3513	2.0987	0.6870	0.7006	0.7210	0.7521	0.7946	0.7936
0.4111	0.4536	1.1392	0.3507	2.0245	0.6881	0.7008	0.7213	0.7530	0.7941	0.7949
0.4127	0.4543	1.1436	0.3492	2.0527	0.6783	0.6939	0.7152	0.7502	0.7961	0.7928
0.4148	0.4560	1.1511	0.3497	2.0578	0.6842	0.6952	0.7167	0.7532	0.7951	0.7920
0.4117	0.4532	1.1454	0.3459	1.9938	0.6977	0.7124	0.7296	0.7613	0.7988	0.7971
0.4144	0.4558	1.1460	0.3470	2.0396	0.6854	0.7046	0.7257	0.7578	0.7991	0.7961
