Metric: | MAE	| NMAE	| RMSE	| MRE	| NPRE	| NDCG1	| NDCG5	| NDCG10	| NDCG20	| NDCG50	| NDCG100	
Avg:	0.4334	0.4772	1.1783	0.3867	2.1717	0.6783	0.6951	0.7153	0.7483	0.7903	0.7880
Std:	0.0013	0.0013	0.0024	0.0025	0.0167	0.0096	0.0053	0.0040	0.0027	0.0010	0.0011

==========================================
Detailed results for 8 rounds:
0.4343	0.4780	1.1784	0.3889	2.1857	0.6781	0.6929	0.7138	0.7482	0.7908	0.7867
0.4335	0.4778	1.1776	0.3877	2.1653	0.6911	0.7020	0.7220	0.7527	0.7901	0.7890
0.4344	0.4787	1.1774	0.3901	2.1809	0.6746	0.6918	0.7117	0.7461	0.7888	0.7876
0.4306	0.4751	1.1732	0.3832	2.1484	0.6689	0.6945	0.7141	0.7462	0.7892	0.7882
0.4324	0.4762	1.1772	0.3857	2.1893	0.6641	0.6876	0.7099	0.7449	0.7905	0.7867
0.4343	0.4777	1.1806	0.3896	2.1929	0.6871	0.7009	0.7181	0.7513	0.7917	0.7883
0.4325	0.4759	1.1802	0.3836	2.1620	0.6905	0.7016	0.7201	0.7506	0.7918	0.7903
0.4348	0.4786	1.1815	0.3851	2.1491	0.6719	0.6897	0.7128	0.7461	0.7894	0.7874
