Metric: | MAE	| NMAE	| RMSE	| MRE	| NPRE	| NDCG1	| NDCG5	| NDCG10	| NDCG20	| NDCG50	| NDCG100	
Avg:	0.5665	0.6248	1.3781	0.5469	3.4578	0.5935	0.6213	0.6440	0.6771	0.7239	0.7300
Std:	0.0023	0.0028	0.0044	0.0056	0.0523	0.0234	0.0102	0.0072	0.0053	0.0034	0.0029

==========================================
Detailed results for 8 rounds:
0.5701	0.6286	1.3858	0.5435	3.4916	0.6045	0.6288	0.6511	0.6785	0.7209	0.7318
0.5681	0.6265	1.3760	0.5505	3.4908	0.5350	0.5978	0.6312	0.6712	0.7216	0.7267
0.5678	0.6267	1.3726	0.5404	3.5502	0.5907	0.6190	0.6370	0.6746	0.7246	0.7284
0.5671	0.6261	1.3829	0.5498	3.4581	0.5932	0.6243	0.6459	0.6794	0.7232	0.7266
0.5658	0.6243	1.3723	0.5489	3.4393	0.6026	0.6164	0.6392	0.6686	0.7192	0.7286
0.5631	0.6204	1.3801	0.5453	3.4136	0.6050	0.6302	0.6511	0.6848	0.7281	0.7334
0.5628	0.6201	1.3774	0.5393	3.3637	0.6175	0.6314	0.6522	0.6838	0.7302	0.7351
0.5667	0.6254	1.3773	0.5576	3.4549	0.5997	0.6224	0.6447	0.6759	0.7236	0.7294
