Metric: | MAE	| NMAE	| RMSE	| MRE	| NPRE	| NDCG1	| NDCG5	| NDCG10	| NDCG20	| NDCG50	| NDCG100	
Avg:	0.4592	0.5058	1.2448	0.4053	2.2582	0.6687	0.6770	0.6953	0.7275	0.7687	0.7695
Std:	0.0010	0.0009	0.0046	0.0024	0.0157	0.0125	0.0045	0.0036	0.0025	0.0014	0.0009

==========================================
Detailed results for 8 rounds:
0.4600	0.5066	1.2443	0.4061	2.2652	0.6567	0.6795	0.6965	0.7301	0.7690	0.7693
0.4592	0.5057	1.2449	0.4000	2.2356	0.6910	0.6815	0.6980	0.7272	0.7675	0.7715
0.4579	0.5048	1.2403	0.4039	2.2720	0.6620	0.6735	0.6911	0.7238	0.7666	0.7687
0.4591	0.5063	1.2414	0.4079	2.2738	0.6780	0.6861	0.7030	0.7318	0.7710	0.7702
0.4574	0.5042	1.2380	0.4076	2.2782	0.6575	0.6738	0.6917	0.7266	0.7704	0.7688
0.4597	0.5057	1.2516	0.4069	2.2388	0.6733	0.6742	0.6940	0.7281	0.7682	0.7686
0.4596	0.5057	1.2509	0.4042	2.2439	0.6779	0.6744	0.6935	0.7245	0.7685	0.7692
0.4608	0.5074	1.2474	0.4059	2.2579	0.6529	0.6727	0.6948	0.7282	0.7688	0.7692
