Metric: | MAE	| NMAE	| RMSE	| MRE	| NPRE	| NDCG1	| NDCG5	| NDCG10	| NDCG20	| NDCG50	| NDCG100	
Avg:	0.5037	0.5556	1.3691	0.4006	2.3193	0.6291	0.6412	0.6614	0.6939	0.7387	0.7418
Std:	0.0017	0.0021	0.0053	0.0013	0.0353	0.0239	0.0056	0.0043	0.0037	0.0025	0.0023

==========================================
Detailed results for 8 rounds:
0.5067	0.5587	1.3777	0.4012	2.2998	0.6315	0.6382	0.6587	0.6902	0.7349	0.7412
0.5044	0.5562	1.3657	0.4005	2.3574	0.5715	0.6329	0.6564	0.6935	0.7394	0.7412
0.5038	0.5561	1.3608	0.4025	2.3801	0.6204	0.6334	0.6544	0.6876	0.7372	0.7406
0.5047	0.5571	1.3749	0.4025	2.3068	0.6430	0.6457	0.6633	0.6953	0.7377	0.7383
0.5038	0.5559	1.3643	0.3993	2.3488	0.6432	0.6452	0.6633	0.6934	0.7370	0.7418
0.5012	0.5522	1.3716	0.3992	2.2752	0.6464	0.6467	0.6683	0.7005	0.7412	0.7444
0.5013	0.5524	1.3665	0.3991	2.2853	0.6508	0.6478	0.6646	0.6969	0.7435	0.7462
0.5038	0.5559	1.3712	0.4006	2.3013	0.6264	0.6395	0.6622	0.6936	0.7384	0.7404
