Metric: | MAE	| NMAE	| RMSE	| MRE	| NPRE	| NDCG1	| NDCG5	| NDCG10	| NDCG20	| NDCG50	| NDCG100	
Avg:	0.4276	0.4709	1.1796	0.3586	2.1349	0.6707	0.6917	0.7110	0.7426	0.7840	0.7831
Std:	0.0012	0.0011	0.0031	0.0022	0.0324	0.0042	0.0040	0.0030	0.0021	0.0015	0.0009

==========================================
Detailed results for 8 rounds:
0.4297	0.4730	1.1809	0.3612	2.1707	0.6616	0.6917	0.7119	0.7437	0.7848	0.7822
0.4271	0.4706	1.1770	0.3581	2.1193	0.6733	0.6982	0.7163	0.7449	0.7836	0.7838
0.4286	0.4723	1.1781	0.3597	2.1705	0.6694	0.6852	0.7061	0.7391	0.7807	0.7825
0.4256	0.4696	1.1732	0.3588	2.1109	0.6742	0.6954	0.7134	0.7454	0.7859	0.7848
0.4278	0.4712	1.1799	0.3612	2.1778	0.6683	0.6879	0.7081	0.7399	0.7849	0.7820
0.4277	0.4704	1.1829	0.3591	2.1382	0.6755	0.6891	0.7088	0.7427	0.7827	0.7824
0.4267	0.4695	1.1831	0.3568	2.1042	0.6736	0.6942	0.7118	0.7430	0.7844	0.7839
0.4280	0.4710	1.1815	0.3539	2.0875	0.6697	0.6915	0.7115	0.7425	0.7846	0.7829
