Metric: | MAE	| NMAE	| RMSE	| MRE	| NPRE	| NDCG1	| NDCG5	| NDCG10	| NDCG20	| NDCG50	| NDCG100	
Avg:	0.4523	0.4982	1.2445	0.3726	2.2065	0.6624	0.6747	0.6931	0.7244	0.7659	0.7675
Std:	0.0011	0.0011	0.0046	0.0020	0.0192	0.0144	0.0060	0.0050	0.0033	0.0023	0.0013

==========================================
Detailed results for 8 rounds:
0.4538	0.4998	1.2436	0.3748	2.2344	0.6591	0.6749	0.6933	0.7256	0.7659	0.7677
0.4530	0.4988	1.2454	0.3684	2.1902	0.6721	0.6768	0.6943	0.7223	0.7637	0.7690
0.4512	0.4973	1.2393	0.3729	2.2286	0.6362	0.6653	0.6857	0.7192	0.7622	0.7662
0.4521	0.4987	1.2406	0.3758	2.2162	0.6888	0.6872	0.7029	0.7311	0.7699	0.7695
0.4503	0.4963	1.2389	0.3725	2.2207	0.6520	0.6695	0.6878	0.7234	0.7670	0.7659
0.4524	0.4978	1.2526	0.3724	2.1875	0.6634	0.6729	0.6910	0.7244	0.7645	0.7660
0.4523	0.4976	1.2488	0.3720	2.1877	0.6689	0.6744	0.6929	0.7228	0.7676	0.7680
0.4535	0.4993	1.2470	0.3722	2.1867	0.6583	0.6769	0.6968	0.7266	0.7669	0.7673
