Metric: | MAE	| NMAE	| RMSE	| MRE	| NPRE	| NDCG1	| NDCG5	| NDCG10	| NDCG20	| NDCG50	| NDCG100	
Avg:	0.4195	0.4620	1.1438	0.3749	2.1141	0.6887	0.7053	0.7259	0.7598	0.8023	0.7989
Std:	0.0012	0.0013	0.0029	0.0024	0.0210	0.0111	0.0056	0.0041	0.0029	0.0010	0.0015

==========================================
Detailed results for 8 rounds:
0.4205	0.4629	1.1415	0.3767	2.1281	0.6832	0.7028	0.7249	0.7599	0.8036	0.7989
0.4220	0.4650	1.1433	0.3790	2.1615	0.7060	0.7159	0.7343	0.7645	0.8032	0.8008
0.4187	0.4615	1.1415	0.3761	2.1190	0.6812	0.7040	0.7258	0.7586	0.8011	0.7988
0.4177	0.4608	1.1406	0.3751	2.0943	0.6863	0.7041	0.7243	0.7590	0.8010	0.7995
0.4194	0.4617	1.1446	0.3760	2.1076	0.6779	0.6993	0.7204	0.7546	0.8011	0.7964
0.4200	0.4617	1.1505	0.3720	2.1046	0.7007	0.7039	0.7236	0.7599	0.8021	0.7968
0.4187	0.4609	1.1448	0.3723	2.1045	0.7000	0.7129	0.7304	0.7633	0.8035	0.8004
0.4193	0.4612	1.1438	0.3724	2.0930	0.6745	0.6994	0.7238	0.7585	0.8025	0.7993
