Metric: | MAE	| NMAE	| RMSE	| MRE	| NPRE	| NDCG1	| NDCG5	| NDCG10	| NDCG20	| NDCG50	| NDCG100	
Avg:	0.4269	0.4701	1.1559	0.3823	2.2400	0.6811	0.6955	0.7152	0.7469	0.7866	0.7866
Std:	0.0010	0.0008	0.0032	0.0027	0.0264	0.0049	0.0044	0.0042	0.0033	0.0022	0.0018

==========================================
Detailed results for 8 rounds:
0.4281	0.4713	1.1526	0.3828	2.2525	0.6838	0.6997	0.7203	0.7509	0.7911	0.7892
0.4265	0.4700	1.1552	0.3776	2.2441	0.6912	0.7004	0.7190	0.7493	0.7863	0.7867
0.4267	0.4703	1.1541	0.3796	2.2807	0.6757	0.6921	0.7131	0.7446	0.7848	0.7863
0.4250	0.4688	1.1510	0.3862	2.2160	0.6840	0.6966	0.7161	0.7480	0.7865	0.7880
0.4274	0.4705	1.1562	0.3860	2.2609	0.6781	0.6928	0.7102	0.7418	0.7856	0.7847
0.4278	0.4703	1.1618	0.3824	2.2474	0.6757	0.6868	0.7079	0.7427	0.7837	0.7833
0.4258	0.4687	1.1576	0.3813	2.1895	0.6816	0.6960	0.7158	0.7473	0.7863	0.7867
0.4278	0.4705	1.1586	0.3823	2.2292	0.6786	0.6993	0.7194	0.7507	0.7888	0.7877
