Metric: | MAE	| NMAE	| RMSE	| MRE	| NPRE	| NDCG1	| NDCG5	| NDCG10	| NDCG20	| NDCG50	| NDCG100	
Avg:	0.5051	0.5564	1.2814	0.4825	2.9335	0.6127	0.6367	0.6600	0.6952	0.7399	0.7481
Std:	0.0010	0.0010	0.0047	0.0030	0.0428	0.0126	0.0075	0.0038	0.0020	0.0017	0.0015

==========================================
Detailed results for 8 rounds:
0.5068	0.5581	1.2827	0.4798	2.9604	0.6255	0.6412	0.6631	0.6973	0.7395	0.7486
0.5054	0.5566	1.2796	0.4834	2.8974	0.6056	0.6241	0.6537	0.6911	0.7382	0.7476
0.5051	0.5567	1.2767	0.4791	3.0128	0.5961	0.6346	0.6603	0.6962	0.7389	0.7492
0.5042	0.5560	1.2778	0.4884	2.8982	0.6095	0.6473	0.6653	0.6946	0.7399	0.7471
0.5037	0.5552	1.2758	0.4827	2.9645	0.5960	0.6295	0.6569	0.6945	0.7420	0.7478
0.5061	0.5568	1.2913	0.4826	2.9489	0.6161	0.6341	0.6573	0.6958	0.7381	0.7456
0.5040	0.5545	1.2835	0.4792	2.8751	0.6338	0.6464	0.6648	0.6978	0.7433	0.7511
0.5058	0.5569	1.2836	0.4846	2.9106	0.6193	0.6364	0.6589	0.6945	0.7391	0.7475
