Metric: | MAE	| NMAE	| RMSE	| MRE	| NPRE	| NDCG1	| NDCG5	| NDCG10	| NDCG20	| NDCG50	| NDCG100	
Avg:	0.4428	0.4875	1.1730	0.4149	2.4173	0.6696	0.6862	0.7048	0.7361	0.7766	0.7788
Std:	0.0007	0.0006	0.0032	0.0036	0.0275	0.0054	0.0052	0.0043	0.0032	0.0025	0.0014

==========================================
Detailed results for 8 rounds:
0.4435	0.4883	1.1696	0.4149	2.4274	0.6720	0.6930	0.7105	0.7407	0.7811	0.7811
0.4425	0.4876	1.1730	0.4090	2.4191	0.6758	0.6875	0.7044	0.7362	0.7745	0.7786
0.4426	0.4878	1.1711	0.4120	2.4536	0.6595	0.6812	0.7030	0.7333	0.7752	0.7782
0.4417	0.4873	1.1685	0.4204	2.4101	0.6722	0.6861	0.7058	0.7381	0.7765	0.7800
0.4435	0.4882	1.1726	0.4199	2.4537	0.6729	0.6851	0.7022	0.7319	0.7761	0.7776
0.4432	0.4872	1.1789	0.4127	2.4134	0.6693	0.6789	0.6977	0.7324	0.7731	0.7766
0.4418	0.4863	1.1744	0.4150	2.3639	0.6620	0.6824	0.7027	0.7357	0.7763	0.7779
0.4433	0.4875	1.1763	0.4152	2.3973	0.6733	0.6950	0.7121	0.7405	0.7798	0.7799
