Metric: | MAE	| NMAE	| RMSE	| MRE	| NPRE	| NDCG1	| NDCG5	| NDCG10	| NDCG20	| NDCG50	| NDCG100	
Avg:	0.4136	0.4555	1.1425	0.3506	2.0464	0.6900	0.7039	0.7245	0.7583	0.7998	0.7974
Std:	0.0017	0.0016	0.0034	0.0018	0.0220	0.0131	0.0063	0.0048	0.0038	0.0016	0.0017

==========================================
Detailed results for 8 rounds:
0.4148	0.4566	1.1394	0.3524	2.0601	0.6839	0.7008	0.7227	0.7584	0.8018	0.7980
0.4151	0.4575	1.1416	0.3534	2.0758	0.7105	0.7143	0.7335	0.7652	0.8012	0.7992
0.4133	0.4556	1.1405	0.3520	2.0711	0.6826	0.7027	0.7237	0.7568	0.7983	0.7970
0.4111	0.4535	1.1388	0.3505	2.0185	0.6798	0.7049	0.7257	0.7574	0.7987	0.7983
0.4128	0.4544	1.1423	0.3487	2.0415	0.6825	0.6990	0.7189	0.7528	0.7982	0.7948
0.4156	0.4568	1.1501	0.3501	2.0490	0.6911	0.6966	0.7190	0.7553	0.7982	0.7947
0.4112	0.4526	1.1426	0.3476	2.0092	0.7129	0.7140	0.7301	0.7629	0.8019	0.7996
0.4152	0.4567	1.1448	0.3503	2.0463	0.6771	0.6993	0.7226	0.7572	0.8005	0.7979
