Metric: | MAE	| NMAE	| RMSE	| MRE	| NPRE	| NDCG1	| NDCG5	| NDCG10	| NDCG20	| NDCG50	| NDCG100	
Avg:	0.5393	0.5948	1.3597	0.4941	3.0399	0.6029	0.6249	0.6470	0.6810	0.7278	0.7340
Std:	0.0020	0.0025	0.0045	0.0048	0.0485	0.0228	0.0104	0.0072	0.0055	0.0033	0.0030

==========================================
Detailed results for 8 rounds:
0.5420	0.5976	1.3665	0.4913	3.0601	0.6189	0.6352	0.6551	0.6820	0.7255	0.7372
0.5418	0.5975	1.3582	0.4951	3.0894	0.5455	0.6039	0.6359	0.6766	0.7261	0.7310
0.5395	0.5955	1.3526	0.4878	3.1230	0.6041	0.6189	0.6391	0.6769	0.7287	0.7324
0.5401	0.5963	1.3646	0.4984	3.0357	0.6006	0.6303	0.6512	0.6848	0.7283	0.7305
0.5386	0.5942	1.3546	0.4941	3.0219	0.6135	0.6160	0.6391	0.6714	0.7228	0.7316
0.5365	0.5911	1.3627	0.4941	2.9811	0.6130	0.6323	0.6534	0.6887	0.7312	0.7370
0.5363	0.5909	1.3584	0.4883	2.9673	0.6229	0.6359	0.6530	0.6874	0.7339	0.7388
0.5398	0.5957	1.3599	0.5033	3.0410	0.6044	0.6264	0.6493	0.6801	0.7256	0.7336
