Metric: | MAE	| NMAE	| RMSE	| MRE	| NPRE	| NDCG1	| NDCG5	| NDCG10	| NDCG20	| NDCG50	| NDCG100	
Avg:	0.5044	0.5564	1.3621	0.4081	2.3984	0.6238	0.6398	0.6592	0.6913	0.7365	0.7408
Std:	0.0018	0.0022	0.0051	0.0017	0.0385	0.0243	0.0063	0.0049	0.0040	0.0026	0.0024

==========================================
Detailed results for 8 rounds:
0.5075	0.5596	1.3698	0.4104	2.3896	0.6284	0.6413	0.6605	0.6886	0.7335	0.7413
0.5056	0.5576	1.3591	0.4085	2.4404	0.5694	0.6302	0.6525	0.6907	0.7363	0.7403
0.5046	0.5570	1.3542	0.4074	2.4702	0.6129	0.6301	0.6501	0.6844	0.7350	0.7390
0.5058	0.5584	1.3680	0.4108	2.3932	0.6333	0.6411	0.6612	0.6924	0.7356	0.7369
0.5039	0.5560	1.3573	0.4057	2.4049	0.6569	0.6470	0.6627	0.6902	0.7353	0.7410
0.5017	0.5527	1.3647	0.4066	2.3441	0.6339	0.6437	0.6647	0.6980	0.7391	0.7429
0.5022	0.5533	1.3597	0.4070	2.3564	0.6400	0.6475	0.6632	0.6963	0.7423	0.7455
0.5041	0.5563	1.3636	0.4081	2.3882	0.6152	0.6375	0.6586	0.6899	0.7350	0.7394
