Metric: | MAE	| NMAE	| RMSE	| MRE	| NPRE	| NDCG1	| NDCG5	| NDCG10	| NDCG20	| NDCG50	| NDCG100	
Avg:	0.5129	0.5657	1.3734	0.4412	2.3616	0.6304	0.6431	0.6623	0.6951	0.7399	0.7419
Std:	0.0018	0.0023	0.0053	0.0023	0.0369	0.0219	0.0058	0.0048	0.0040	0.0028	0.0028

==========================================
Detailed results for 8 rounds:
0.5152	0.5681	1.3814	0.4402	2.3200	0.6175	0.6364	0.6575	0.6905	0.7366	0.7413
0.5136	0.5664	1.3704	0.4409	2.3846	0.5854	0.6419	0.6627	0.6980	0.7420	0.7431
0.5128	0.5660	1.3661	0.4419	2.4188	0.6182	0.6345	0.6537	0.6891	0.7372	0.7404
0.5145	0.5679	1.3806	0.4445	2.3530	0.6429	0.6412	0.6603	0.6928	0.7371	0.7362
0.5137	0.5667	1.3682	0.4416	2.4129	0.6500	0.6481	0.6652	0.6947	0.7386	0.7424
0.5103	0.5622	1.3763	0.4383	2.3239	0.6427	0.6514	0.6703	0.7021	0.7421	0.7444
0.5098	0.5617	1.3699	0.4378	2.3274	0.6584	0.6499	0.6658	0.6978	0.7451	0.7463
0.5132	0.5663	1.3744	0.4443	2.3525	0.6278	0.6413	0.6627	0.6957	0.7405	0.7410
