Metric: | MAE	| NMAE	| RMSE	| MRE	| NPRE	| NDCG1	| NDCG5	| NDCG10	| NDCG20	| NDCG50	| NDCG100	
Avg:	0.4369	0.4811	1.1892	0.3602	2.1135	0.6812	0.6954	0.7156	0.7490	0.7911	0.7873
Std:	0.0008	0.0009	0.0028	0.0025	0.0268	0.0082	0.0037	0.0024	0.0016	0.0010	0.0006

==========================================
Detailed results for 8 rounds:
0.4374	0.4815	1.1878	0.3629	2.1196	0.6778	0.6961	0.7159	0.7500	0.7921	0.7872
0.4372	0.4818	1.1895	0.3591	2.1076	0.6902	0.7007	0.7198	0.7508	0.7902	0.7873
0.4381	0.4828	1.1877	0.3637	2.1662	0.6693	0.6892	0.7109	0.7453	0.7890	0.7869
0.4358	0.4809	1.1839	0.3627	2.0948	0.6803	0.6917	0.7146	0.7481	0.7913	0.7878
0.4367	0.4809	1.1879	0.3586	2.1339	0.6855	0.6951	0.7162	0.7495	0.7922	0.7871
0.4372	0.4809	1.1933	0.3602	2.1223	0.6880	0.6971	0.7152	0.7501	0.7915	0.7873
0.4356	0.4793	1.1913	0.3576	2.0766	0.6901	0.7000	0.7176	0.7492	0.7912	0.7884
0.4369	0.4809	1.1922	0.3565	2.0867	0.6687	0.6936	0.7145	0.7489	0.7912	0.7864
