Metric: | MAE	| NMAE	| RMSE	| MRE	| NPRE	| NDCG1	| NDCG5	| NDCG10	| NDCG20	| NDCG50	| NDCG100	
Avg:	0.4201	0.4626	1.1507	0.3538	2.0488	0.6850	0.7036	0.7247	0.7595	0.8020	0.7989
Std:	0.0009	0.0009	0.0038	0.0019	0.0225	0.0072	0.0031	0.0027	0.0019	0.0011	0.0014

==========================================
Detailed results for 8 rounds:
0.4196	0.4619	1.1463	0.3530	2.0442	0.6788	0.7023	0.7248	0.7607	0.8041	0.8006
0.4205	0.4634	1.1496	0.3553	2.0471	0.6969	0.7075	0.7294	0.7629	0.8021	0.7992
0.4209	0.4639	1.1494	0.3549	2.0943	0.6894	0.7056	0.7248	0.7597	0.8024	0.7989
0.4193	0.4626	1.1460	0.3564	2.0439	0.6825	0.7011	0.7235	0.7574	0.7999	0.7993
0.4201	0.4625	1.1515	0.3540	2.0591	0.6742	0.7031	0.7228	0.7578	0.8020	0.7976
0.4216	0.4634	1.1580	0.3538	2.0603	0.6810	0.6993	0.7210	0.7572	0.8015	0.7961
0.4186	0.4608	1.1505	0.3532	2.0133	0.6937	0.7084	0.7283	0.7612	0.8020	0.8008
0.4207	0.4627	1.1547	0.3497	2.0281	0.6837	0.7013	0.7227	0.7593	0.8019	0.7985
