Metric: | MAE	| NMAE	| RMSE	| MRE	| NPRE	| NDCG1	| NDCG5	| NDCG10	| NDCG20	| NDCG50	| NDCG100	
Avg:	0.4220	0.4647	1.1528	0.3584	2.0739	0.6871	0.7046	0.7251	0.7596	0.8023	0.7992
Std:	0.0011	0.0008	0.0041	0.0014	0.0171	0.0100	0.0032	0.0035	0.0024	0.0019	0.0017

==========================================
Detailed results for 8 rounds:
0.4225	0.4651	1.1485	0.3598	2.0816	0.6874	0.7054	0.7266	0.7619	0.8065	0.8014
0.4219	0.4649	1.1506	0.3586	2.0671	0.7004	0.7099	0.7310	0.7632	0.8033	0.8007
0.4216	0.4647	1.1528	0.3567	2.0967	0.6944	0.7084	0.7274	0.7605	0.8025	0.8000
0.4201	0.4634	1.1462	0.3592	2.0547	0.6902	0.7026	0.7240	0.7580	0.8002	0.7998
0.4218	0.4643	1.1533	0.3594	2.0870	0.6648	0.7003	0.7190	0.7552	0.8004	0.7963
0.4236	0.4657	1.1593	0.3592	2.0933	0.6923	0.7012	0.7213	0.7575	0.8015	0.7969
0.4214	0.4639	1.1543	0.3584	2.0477	0.6858	0.7060	0.7267	0.7605	0.8014	0.7998
0.4235	0.4658	1.1577	0.3555	2.0628	0.6813	0.7031	0.7250	0.7603	0.8023	0.7990
