Metric: | MAE	| NMAE	| RMSE	| MRE	| NPRE	| NDCG1	| NDCG5	| NDCG10	| NDCG20	| NDCG50	| NDCG100	
Avg:	0.5246	0.5786	1.4266	0.4162	2.3970	0.6402	0.6494	0.6673	0.6965	0.7364	0.7372
Std:	0.0014	0.0017	0.0054	0.0017	0.0268	0.0143	0.0055	0.0041	0.0036	0.0029	0.0025

==========================================
Detailed results for 8 rounds:
0.5276	0.5818	1.4347	0.4181	2.3966	0.6311	0.6511	0.6669	0.6940	0.7327	0.7373
0.5243	0.5782	1.4248	0.4165	2.4267	0.6138	0.6390	0.6607	0.6943	0.7362	0.7351
0.5245	0.5790	1.4189	0.4158	2.4510	0.6382	0.6430	0.6618	0.6922	0.7336	0.7348
0.5256	0.5803	1.4307	0.4183	2.3980	0.6601	0.6531	0.6688	0.6953	0.7336	0.7334
0.5225	0.5765	1.4191	0.4141	2.3858	0.6291	0.6490	0.6680	0.6966	0.7358	0.7383
0.5233	0.5765	1.4292	0.4148	2.3716	0.6553	0.6573	0.6744	0.7045	0.7409	0.7416
0.5244	0.5778	1.4312	0.4182	2.3742	0.6460	0.6517	0.6676	0.6962	0.7405	0.7391
0.5241	0.5783	1.4241	0.4139	2.3719	0.6481	0.6513	0.6701	0.6991	0.7377	0.7378
