Metric: | MAE	| NMAE	| RMSE	| MRE	| NPRE	| NDCG1	| NDCG5	| NDCG10	| NDCG20	| NDCG50	| NDCG100	
Avg:	0.4360	0.4802	1.1869	0.3633	2.1219	0.6774	0.6982	0.7181	0.7520	0.7935	0.7897
Std:	0.0011	0.0010	0.0035	0.0020	0.0177	0.0063	0.0042	0.0033	0.0018	0.0011	0.0010

==========================================
Detailed results for 8 rounds:
0.4376	0.4817	1.1865	0.3670	2.1385	0.6729	0.6970	0.7194	0.7524	0.7944	0.7893
0.4364	0.4809	1.1855	0.3653	2.1249	0.6853	0.7052	0.7240	0.7553	0.7945	0.7907
0.4353	0.4797	1.1840	0.3621	2.1413	0.6721	0.6921	0.7128	0.7487	0.7910	0.7887
0.4342	0.4791	1.1807	0.3636	2.1009	0.6722	0.6975	0.7185	0.7520	0.7943	0.7910
0.4352	0.4793	1.1856	0.3625	2.1313	0.6720	0.6945	0.7143	0.7502	0.7935	0.7884
0.4367	0.4804	1.1911	0.3640	2.1343	0.6840	0.6978	0.7167	0.7519	0.7931	0.7889
0.4356	0.4792	1.1904	0.3613	2.0884	0.6872	0.7042	0.7209	0.7529	0.7936	0.7910
0.4373	0.4813	1.1909	0.3604	2.1157	0.6737	0.6975	0.7179	0.7526	0.7935	0.7893
