Metric: | MAE	| NMAE	| RMSE	| MRE	| NPRE	| NDCG1	| NDCG5	| NDCG10	| NDCG20	| NDCG50	| NDCG100	
Avg:	0.5188	0.5722	1.4054	0.4109	2.3887	0.6307	0.6505	0.6706	0.7019	0.7431	0.7432
Std:	0.0016	0.0020	0.0053	0.0021	0.0311	0.0224	0.0090	0.0065	0.0053	0.0035	0.0030

==========================================
Detailed results for 8 rounds:
0.5217	0.5753	1.4132	0.4130	2.3841	0.6411	0.6564	0.6749	0.7043	0.7400	0.7454
0.5188	0.5722	1.4036	0.4117	2.4136	0.5740	0.6293	0.6570	0.6927	0.7396	0.7406
0.5189	0.5728	1.3978	0.4095	2.4570	0.6263	0.6449	0.6646	0.6969	0.7426	0.7414
0.5210	0.5752	1.4112	0.4142	2.3854	0.6458	0.6555	0.6727	0.7011	0.7405	0.7382
0.5168	0.5702	1.3986	0.4082	2.3853	0.6340	0.6501	0.6687	0.6987	0.7409	0.7431
0.5172	0.5698	1.4096	0.4085	2.3593	0.6351	0.6587	0.6791	0.7102	0.7475	0.7465
0.5177	0.5704	1.4063	0.4123	2.3542	0.6491	0.6567	0.6745	0.7050	0.7496	0.7474
0.5183	0.5719	1.4026	0.4099	2.3703	0.6402	0.6522	0.6733	0.7060	0.7444	0.7432
