Metric: | MAE	| NMAE	| RMSE	| MRE	| NPRE	| NDCG1	| NDCG5	| NDCG10	| NDCG20	| NDCG50	| NDCG100	
Avg:	0.5225	0.5763	1.4041	0.4152	2.4228	0.6248	0.6466	0.6677	0.6998	0.7419	0.7422
Std:	0.0015	0.0018	0.0052	0.0022	0.0309	0.0246	0.0099	0.0075	0.0060	0.0040	0.0032

==========================================
Detailed results for 8 rounds:
0.5248	0.5786	1.4108	0.4169	2.4143	0.6338	0.6521	0.6711	0.7027	0.7387	0.7449
0.5231	0.5769	1.4026	0.4166	2.4489	0.5644	0.6276	0.6558	0.6909	0.7383	0.7393
0.5223	0.5765	1.3964	0.4126	2.4914	0.6186	0.6388	0.6589	0.6945	0.7414	0.7407
0.5247	0.5792	1.4105	0.4187	2.4086	0.6290	0.6535	0.6725	0.7000	0.7401	0.7371
0.5207	0.5745	1.3975	0.4128	2.4237	0.6304	0.6378	0.6607	0.6931	0.7376	0.7407
0.5209	0.5739	1.4082	0.4132	2.3951	0.6338	0.6580	0.6774	0.7092	0.7474	0.7460
0.5216	0.5747	1.4046	0.4168	2.3907	0.6543	0.6534	0.6730	0.7038	0.7488	0.7471
0.5222	0.5763	1.4022	0.4140	2.4093	0.6337	0.6513	0.6720	0.7044	0.7433	0.7422
