Metric: | MAE	| NMAE	| RMSE	| MRE	| NPRE	| NDCG1	| NDCG5	| NDCG10	| NDCG20	| NDCG50	| NDCG100	
Avg:	0.5299	0.5845	1.4084	0.4239	2.4786	0.6177	0.6400	0.6625	0.6956	0.7394	0.7398
Std:	0.0016	0.0019	0.0054	0.0025	0.0278	0.0234	0.0106	0.0089	0.0065	0.0038	0.0033

==========================================
Detailed results for 8 rounds:
0.5312	0.5858	1.4145	0.4245	2.4624	0.6228	0.6473	0.6675	0.7004	0.7370	0.7429
0.5308	0.5854	1.4075	0.4257	2.5040	0.5594	0.6175	0.6489	0.6872	0.7361	0.7365
0.5293	0.5843	1.3998	0.4208	2.5402	0.6138	0.6322	0.6520	0.6895	0.7394	0.7389
0.5329	0.5882	1.4156	0.4284	2.4663	0.6220	0.6439	0.6672	0.6941	0.7373	0.7343
0.5276	0.5822	1.4015	0.4206	2.4775	0.6252	0.6352	0.6540	0.6883	0.7349	0.7382
0.5283	0.5820	1.4126	0.4230	2.4504	0.6329	0.6534	0.6752	0.7070	0.7449	0.7434
0.5293	0.5832	1.4082	0.4254	2.4571	0.6417	0.6465	0.6685	0.6999	0.7461	0.7445
0.5301	0.5849	1.4073	0.4229	2.4706	0.6236	0.6440	0.6668	0.6985	0.7397	0.7394
