Metric: | MAE	| NMAE	| RMSE	| MRE	| NPRE	| NDCG1	| NDCG5	| NDCG10	| NDCG20	| NDCG50	| NDCG100	
Avg:	0.4710	0.5187	1.2644	0.3847	2.2730	0.6613	0.6752	0.6961	0.7292	0.7713	0.7685
Std:	0.0013	0.0013	0.0045	0.0022	0.0256	0.0120	0.0080	0.0055	0.0035	0.0018	0.0018

==========================================
Detailed results for 8 rounds:
0.4724	0.5202	1.2648	0.3861	2.3033	0.6649	0.6754	0.6942	0.7286	0.7708	0.7682
0.4733	0.5212	1.2675	0.3866	2.2686	0.6808	0.6841	0.7009	0.7288	0.7711	0.7709
0.4700	0.5181	1.2582	0.3850	2.3161	0.6472	0.6701	0.6923	0.7268	0.7698	0.7688
0.4695	0.5178	1.2584	0.3873	2.2494	0.6768	0.6892	0.7065	0.7380	0.7758	0.7709
0.4700	0.5181	1.2602	0.3840	2.2927	0.6460	0.6622	0.6871	0.7251	0.7700	0.7652
0.4701	0.5172	1.2704	0.3826	2.2563	0.6609	0.6699	0.6932	0.7292	0.7701	0.7672
0.4712	0.5184	1.2666	0.3859	2.2547	0.6610	0.6776	0.6980	0.7286	0.7717	0.7681
0.4714	0.5190	1.2691	0.3802	2.2432	0.6526	0.6729	0.6967	0.7286	0.7711	0.7684
