Metric: | MAE	| NMAE	| RMSE	| MRE	| NPRE	| NDCG1	| NDCG5	| NDCG10	| NDCG20	| NDCG50	| NDCG100	
Avg:	0.4194	0.4618	1.1504	0.3516	2.0355	0.6860	0.7044	0.7251	0.7593	0.8018	0.7985
Std:	0.0010	0.0008	0.0039	0.0021	0.0248	0.0107	0.0039	0.0028	0.0022	0.0013	0.0012

==========================================
Detailed results for 8 rounds:
0.4196	0.4619	1.1471	0.3522	2.0415	0.6873	0.7039	0.7260	0.7611	0.8041	0.7997
0.4192	0.4620	1.1489	0.3510	2.0197	0.7090	0.7126	0.7314	0.7638	0.8033	0.7995
0.4193	0.4621	1.1472	0.3519	2.0692	0.6904	0.7040	0.7242	0.7595	0.8018	0.7987
0.4177	0.4608	1.1456	0.3516	2.0115	0.6790	0.7029	0.7241	0.7573	0.7992	0.7991
0.4194	0.4618	1.1495	0.3528	2.0594	0.6777	0.7043	0.7239	0.7573	0.8020	0.7977
0.4216	0.4635	1.1576	0.3539	2.0655	0.6723	0.6987	0.7211	0.7569	0.8011	0.7958
0.4194	0.4616	1.1541	0.3529	2.0116	0.6918	0.7074	0.7267	0.7592	0.8015	0.7990
0.4191	0.4610	1.1532	0.3464	2.0056	0.6804	0.7013	0.7236	0.7593	0.8017	0.7986
