Metric: | MAE	| NMAE	| RMSE	| MRE	| NPRE	| NDCG1	| NDCG5	| NDCG10	| NDCG20	| NDCG50	| NDCG100	
Avg:	0.4379	0.4822	1.1881	0.3680	2.1498	0.6815	0.6988	0.7187	0.7521	0.7937	0.7900
Std:	0.0008	0.0007	0.0039	0.0020	0.0247	0.0085	0.0033	0.0028	0.0018	0.0010	0.0006

==========================================
Detailed results for 8 rounds:
0.4388	0.4830	1.1869	0.3695	2.1677	0.6860	0.6998	0.7223	0.7535	0.7950	0.7906
0.4379	0.4825	1.1871	0.3673	2.1432	0.6902	0.7056	0.7242	0.7553	0.7939	0.7907
0.4384	0.4831	1.1858	0.3705	2.1884	0.6923	0.6955	0.7153	0.7492	0.7923	0.7902
0.4361	0.4812	1.1801	0.3698	2.1317	0.6686	0.6953	0.7166	0.7509	0.7942	0.7908
0.4383	0.4827	1.1880	0.3687	2.1672	0.6703	0.6985	0.7184	0.7524	0.7947	0.7894
0.4383	0.4821	1.1922	0.3681	2.1655	0.6886	0.7017	0.7183	0.7532	0.7940	0.7899
0.4375	0.4814	1.1927	0.3666	2.1196	0.6766	0.6968	0.7166	0.7508	0.7922	0.7897
0.4378	0.4819	1.1920	0.3638	2.1148	0.6793	0.6972	0.7182	0.7518	0.7936	0.7889
