Metric: | MAE	| NMAE	| RMSE	| MRE	| NPRE	| NDCG1	| NDCG5	| NDCG10	| NDCG20	| NDCG50	| NDCG100	
Avg:	0.4640	0.5110	1.2560	0.3791	2.2397	0.6708	0.6848	0.7044	0.7358	0.7762	0.7735
Std:	0.0014	0.0014	0.0046	0.0032	0.0232	0.0127	0.0042	0.0036	0.0032	0.0014	0.0011

==========================================
Detailed results for 8 rounds:
0.4659	0.5130	1.2569	0.3815	2.2598	0.6778	0.6885	0.7065	0.7374	0.7755	0.7734
0.4655	0.5126	1.2587	0.3777	2.2295	0.6910	0.6879	0.7046	0.7336	0.7744	0.7755
0.4623	0.5096	1.2492	0.3806	2.2825	0.6488	0.6831	0.7046	0.7351	0.7748	0.7727
0.4644	0.5122	1.2528	0.3855	2.2368	0.6782	0.6915	0.7104	0.7411	0.7788	0.7740
0.4616	0.5088	1.2497	0.3774	2.2514	0.6581	0.6777	0.6971	0.7323	0.7768	0.7715
0.4638	0.5103	1.2619	0.3773	2.2376	0.6761	0.6854	0.7057	0.7394	0.7773	0.7740
0.4643	0.5109	1.2604	0.3790	2.2069	0.6752	0.6835	0.7018	0.7314	0.7754	0.7729
0.4639	0.5108	1.2588	0.3742	2.2126	0.6612	0.6809	0.7043	0.7363	0.7765	0.7741
