Metric: | MAE	| NMAE	| RMSE	| MRE	| NPRE	| NDCG1	| NDCG5	| NDCG10	| NDCG20	| NDCG50	| NDCG100	
Avg:	0.4193	0.4617	1.1515	0.3486	2.0278	0.6900	0.7048	0.7249	0.7587	0.8007	0.7974
Std:	0.0012	0.0009	0.0041	0.0017	0.0202	0.0119	0.0047	0.0034	0.0025	0.0011	0.0014

==========================================
Detailed results for 8 rounds:
0.4191	0.4614	1.1469	0.3481	2.0291	0.6846	0.7048	0.7255	0.7606	0.8027	0.7987
0.4181	0.4607	1.1494	0.3467	2.0042	0.7164	0.7131	0.7317	0.7639	0.8022	0.7984
0.4185	0.4613	1.1486	0.3466	2.0570	0.6913	0.7060	0.7241	0.7582	0.8003	0.7978
0.4186	0.4618	1.1468	0.3512	2.0174	0.6885	0.7067	0.7255	0.7581	0.7998	0.7985
0.4193	0.4616	1.1523	0.3501	2.0462	0.6797	0.7022	0.7225	0.7558	0.7996	0.7957
0.4213	0.4632	1.1584	0.3508	2.0495	0.6801	0.6968	0.7200	0.7559	0.7999	0.7947
0.4184	0.4606	1.1538	0.3472	1.9981	0.6998	0.7082	0.7277	0.7591	0.8006	0.7984
0.4211	0.4632	1.1562	0.3482	2.0208	0.6799	0.7007	0.7222	0.7578	0.8002	0.7969
