Metric: | MAE	| NMAE	| RMSE	| MRE	| NPRE	| NDCG1	| NDCG5	| NDCG10	| NDCG20	| NDCG50	| NDCG100	
Avg:	0.4730	0.5210	1.2667	0.3870	2.2894	0.6573	0.6746	0.6948	0.7280	0.7704	0.7679
Std:	0.0014	0.0016	0.0046	0.0037	0.0228	0.0142	0.0069	0.0054	0.0035	0.0018	0.0016

==========================================
Detailed results for 8 rounds:
0.4731	0.5210	1.2650	0.3872	2.3138	0.6544	0.6753	0.6923	0.7269	0.7695	0.7668
0.4762	0.5244	1.2703	0.3885	2.3000	0.6692	0.6780	0.6971	0.7263	0.7688	0.7694
0.4715	0.5197	1.2602	0.3864	2.3175	0.6463	0.6705	0.6915	0.7257	0.7692	0.7686
0.4733	0.5219	1.2622	0.3947	2.2881	0.6804	0.6886	0.7051	0.7360	0.7743	0.7699
0.4723	0.5206	1.2625	0.3876	2.3041	0.6303	0.6631	0.6853	0.7234	0.7687	0.7645
0.4717	0.5189	1.2738	0.3820	2.2612	0.6574	0.6700	0.6931	0.7288	0.7702	0.7670
0.4727	0.5200	1.2679	0.3879	2.2811	0.6658	0.6763	0.6968	0.7284	0.7718	0.7685
0.4732	0.5210	1.2713	0.3821	2.2495	0.6545	0.6747	0.6970	0.7288	0.7708	0.7683
