Metric: | MAE	| NMAE	| RMSE	| MRE	| NPRE	| NDCG1	| NDCG5	| NDCG10	| NDCG20	| NDCG50	| NDCG100	
Avg:	0.4640	0.5110	1.2558	0.3780	2.2341	0.6676	0.6837	0.7028	0.7351	0.7756	0.7726
Std:	0.0014	0.0014	0.0049	0.0030	0.0196	0.0134	0.0058	0.0040	0.0026	0.0017	0.0013

==========================================
Detailed results for 8 rounds:
0.4658	0.5129	1.2568	0.3813	2.2582	0.6621	0.6859	0.7036	0.7353	0.7740	0.7720
0.4653	0.5124	1.2580	0.3749	2.2202	0.6958	0.6949	0.7080	0.7355	0.7754	0.7757
0.4623	0.5096	1.2490	0.3782	2.2700	0.6488	0.6788	0.7001	0.7326	0.7730	0.7721
0.4635	0.5112	1.2504	0.3838	2.2303	0.6758	0.6901	0.7094	0.7411	0.7792	0.7731
0.4616	0.5088	1.2497	0.3758	2.2411	0.6589	0.6763	0.6958	0.7338	0.7769	0.7710
0.4634	0.5098	1.2620	0.3765	2.2264	0.6671	0.6805	0.7017	0.7357	0.7758	0.7715
0.4649	0.5114	1.2605	0.3787	2.2161	0.6735	0.6829	0.7014	0.7324	0.7758	0.7727
0.4649	0.5119	1.2597	0.3745	2.2107	0.6590	0.6802	0.7023	0.7345	0.7749	0.7725
