Metric: | MAE	| NMAE	| RMSE	| MRE	| NPRE	| NDCG1	| NDCG5	| NDCG10	| NDCG20	| NDCG50	| NDCG100	
Avg:	0.4668	0.5142	1.2610	0.3842	2.2710	0.6751	0.6869	0.7053	0.7367	0.7752	0.7729
Std:	0.0010	0.0010	0.0046	0.0030	0.0238	0.0064	0.0037	0.0026	0.0021	0.0014	0.0008

==========================================
Detailed results for 8 rounds:
0.4689	0.5164	1.2617	0.3869	2.2924	0.6788	0.6940	0.7094	0.7396	0.7759	0.7728
0.4673	0.5146	1.2624	0.3809	2.2473	0.6892	0.6894	0.7066	0.7361	0.7740	0.7748
0.4660	0.5137	1.2544	0.3875	2.3126	0.6704	0.6823	0.7021	0.7333	0.7730	0.7725
0.4665	0.5145	1.2563	0.3882	2.2680	0.6774	0.6903	0.7082	0.7391	0.7768	0.7736
0.4655	0.5132	1.2560	0.3839	2.2911	0.6695	0.6852	0.7028	0.7365	0.7772	0.7727
0.4664	0.5131	1.2687	0.3827	2.2664	0.6741	0.6853	0.7038	0.7365	0.7735	0.7718
0.4668	0.5135	1.2638	0.3842	2.2469	0.6681	0.6841	0.7029	0.7342	0.7759	0.7728
0.4673	0.5145	1.2644	0.3794	2.2435	0.6733	0.6844	0.7067	0.7384	0.7757	0.7727
