Metric: | MAE	| NMAE	| RMSE	| MRE	| NPRE	| NDCG1	| NDCG5	| NDCG10	| NDCG20	| NDCG50	| NDCG100	
Avg:	0.5350	0.5900	1.4123	0.4307	2.5171	0.6133	0.6369	0.6600	0.6929	0.7377	0.7382
Std:	0.0016	0.0019	0.0054	0.0025	0.0282	0.0224	0.0115	0.0096	0.0069	0.0040	0.0033

==========================================
Detailed results for 8 rounds:
0.5358	0.5908	1.4182	0.4304	2.4945	0.6171	0.6437	0.6645	0.6967	0.7356	0.7409
0.5360	0.5911	1.4119	0.4328	2.5425	0.5631	0.6139	0.6464	0.6851	0.7342	0.7349
0.5343	0.5898	1.4040	0.4271	2.5792	0.6015	0.6265	0.6484	0.6861	0.7377	0.7368
0.5381	0.5940	1.4201	0.4353	2.5027	0.6232	0.6431	0.6647	0.6923	0.7356	0.7335
0.5327	0.5878	1.4050	0.4276	2.5201	0.6094	0.6302	0.6498	0.6836	0.7323	0.7361
0.5333	0.5876	1.4162	0.4305	2.4893	0.6355	0.6515	0.6737	0.7048	0.7431	0.7422
0.5345	0.5889	1.4115	0.4321	2.4997	0.6405	0.6443	0.6667	0.6975	0.7446	0.7430
0.5350	0.5903	1.4114	0.4297	2.5089	0.6160	0.6420	0.6656	0.6968	0.7381	0.7385
