Metric: | MAE	| NMAE	| RMSE	| MRE	| NPRE	| NDCG1	| NDCG5	| NDCG10	| NDCG20	| NDCG50	| NDCG100	
Avg:	0.5248	0.5789	1.4051	0.4178	2.4409	0.6236	0.6448	0.6665	0.6987	0.7413	0.7415
Std:	0.0015	0.0018	0.0053	0.0024	0.0296	0.0224	0.0097	0.0077	0.0057	0.0034	0.0032

==========================================
Detailed results for 8 rounds:
0.5267	0.5808	1.4117	0.4191	2.4287	0.6230	0.6519	0.6715	0.7032	0.7386	0.7438
0.5254	0.5795	1.4037	0.4196	2.4686	0.5696	0.6227	0.6534	0.6909	0.7374	0.7387
0.5244	0.5789	1.3966	0.4151	2.5064	0.6147	0.6375	0.6563	0.6922	0.7411	0.7400
0.5272	0.5820	1.4116	0.4215	2.4277	0.6261	0.6488	0.6702	0.6976	0.7392	0.7361
0.5227	0.5767	1.3986	0.4144	2.4370	0.6396	0.6445	0.6628	0.6941	0.7386	0.7408
0.5233	0.5766	1.4098	0.4162	2.4088	0.6352	0.6555	0.6769	0.7085	0.7460	0.7450
0.5243	0.5777	1.4053	0.4196	2.4194	0.6464	0.6493	0.6713	0.7016	0.7474	0.7462
0.5247	0.5790	1.4034	0.4168	2.4305	0.6342	0.6484	0.6699	0.7017	0.7420	0.7415
