Metric: | MAE	| NMAE	| RMSE	| MRE	| NPRE	| NDCG1	| NDCG5	| NDCG10	| NDCG20	| NDCG50	| NDCG100	
Avg:	0.5203	0.5739	1.4039	0.4128	2.4047	0.6273	0.6491	0.6696	0.7015	0.7428	0.7429
Std:	0.0015	0.0018	0.0051	0.0023	0.0281	0.0257	0.0098	0.0072	0.0058	0.0034	0.0031

==========================================
Detailed results for 8 rounds:
0.5226	0.5763	1.4109	0.4148	2.3968	0.6317	0.6570	0.6756	0.7045	0.7405	0.7458
0.5206	0.5741	1.4026	0.4138	2.4262	0.5649	0.6278	0.6568	0.6923	0.7390	0.7400
0.5199	0.5739	1.3960	0.4103	2.4676	0.6187	0.6400	0.6608	0.6954	0.7418	0.7407
0.5225	0.5768	1.4093	0.4165	2.3975	0.6445	0.6542	0.6742	0.7026	0.7417	0.7380
0.5185	0.5720	1.3974	0.4100	2.4066	0.6272	0.6477	0.6649	0.6964	0.7392	0.7421
0.5186	0.5715	1.4079	0.4106	2.3748	0.6380	0.6577	0.6785	0.7107	0.7475	0.7467
0.5199	0.5728	1.4055	0.4147	2.3805	0.6554	0.6567	0.6732	0.7044	0.7487	0.7470
0.5200	0.5738	1.4018	0.4119	2.3875	0.6377	0.6521	0.6723	0.7052	0.7438	0.7426
