Metric: | MAE	| NMAE	| RMSE	| MRE	| NPRE	| NDCG1	| NDCG5	| NDCG10	| NDCG20	| NDCG50	| NDCG100	
Avg:	0.5191	0.5725	1.4105	0.4111	2.3827	0.6382	0.6529	0.6719	0.7021	0.7425	0.7427
Std:	0.0019	0.0023	0.0052	0.0022	0.0330	0.0270	0.0074	0.0059	0.0044	0.0033	0.0027

==========================================
Detailed results for 8 rounds:
0.5226	0.5762	1.4189	0.4134	2.3806	0.6438	0.6570	0.6761	0.7016	0.7383	0.7443
0.5186	0.5719	1.4076	0.4111	2.4132	0.5686	0.6367	0.6616	0.6953	0.7408	0.7406
0.5198	0.5738	1.4041	0.4101	2.4522	0.6362	0.6474	0.6646	0.6970	0.7405	0.7399
0.5213	0.5755	1.4163	0.4151	2.3841	0.6529	0.6571	0.6746	0.7032	0.7406	0.7389
0.5167	0.5701	1.4036	0.4085	2.3726	0.6483	0.6537	0.6709	0.7015	0.7409	0.7431
0.5174	0.5701	1.4140	0.4086	2.3511	0.6522	0.6605	0.6813	0.7109	0.7470	0.7463
0.5176	0.5703	1.4113	0.4123	2.3443	0.6583	0.6598	0.6734	0.7033	0.7486	0.7466
0.5188	0.5725	1.4084	0.4100	2.3640	0.6454	0.6507	0.6729	0.7042	0.7433	0.7422
