Metric: | MAE	| NMAE	| RMSE	| MRE	| NPRE	| NDCG1	| NDCG5	| NDCG10	| NDCG20	| NDCG50	| NDCG100	
Avg:	0.4358	0.4799	1.1865	0.3622	2.1187	0.6794	0.6981	0.7183	0.7514	0.7931	0.7894
Std:	0.0007	0.0006	0.0037	0.0017	0.0231	0.0064	0.0045	0.0032	0.0017	0.0013	0.0008

==========================================
Detailed results for 8 rounds:
0.4365	0.4806	1.1844	0.3640	2.1538	0.6734	0.6934	0.7163	0.7499	0.7928	0.7887
0.4359	0.4804	1.1863	0.3615	2.1064	0.6859	0.7043	0.7237	0.7543	0.7931	0.7904
0.4357	0.4802	1.1840	0.3636	2.1434	0.6694	0.6894	0.7118	0.7481	0.7903	0.7887
0.4345	0.4794	1.1799	0.3635	2.1083	0.6761	0.6971	0.7173	0.7512	0.7943	0.7907
0.4353	0.4794	1.1851	0.3621	2.1318	0.6880	0.6990	0.7195	0.7523	0.7951	0.7896
0.4368	0.4805	1.1916	0.3634	2.1293	0.6869	0.7004	0.7178	0.7513	0.7924	0.7888
0.4353	0.4789	1.1908	0.3605	2.0850	0.6787	0.7025	0.7197	0.7524	0.7934	0.7901
0.4362	0.4801	1.1898	0.3588	2.0917	0.6766	0.6988	0.7199	0.7521	0.7934	0.7885
