Metric: | MAE	| NMAE	| RMSE	| MRE	| NPRE	| NDCG1	| NDCG5	| NDCG10	| NDCG20	| NDCG50	| NDCG100	
Avg:	0.4392	0.4837	1.1927	0.3622	2.1261	0.6780	0.6947	0.7148	0.7473	0.7895	0.7859
Std:	0.0012	0.0010	0.0034	0.0019	0.0242	0.0062	0.0038	0.0039	0.0018	0.0011	0.0011

==========================================
Detailed results for 8 rounds:
0.4408	0.4853	1.1929	0.3655	2.1499	0.6713	0.6950	0.7153	0.7474	0.7893	0.7853
0.4398	0.4847	1.1941	0.3613	2.1213	0.6850	0.6998	0.7195	0.7493	0.7886	0.7854
0.4394	0.4843	1.1895	0.3628	2.1683	0.6835	0.6891	0.7080	0.7437	0.7879	0.7858
0.4367	0.4819	1.1860	0.3615	2.1021	0.6747	0.6958	0.7156	0.7491	0.7916	0.7878
0.4387	0.4831	1.1914	0.3617	2.1397	0.6726	0.6929	0.7150	0.7459	0.7901	0.7850
0.4402	0.4843	1.1971	0.3644	2.1308	0.6737	0.6902	0.7099	0.7461	0.7889	0.7851
0.4387	0.4826	1.1951	0.3610	2.0975	0.6885	0.7005	0.7202	0.7491	0.7899	0.7876
0.4395	0.4837	1.1952	0.3590	2.0990	0.6749	0.6945	0.7147	0.7475	0.7899	0.7851
