Metric: | MAE	| NMAE	| RMSE	| MRE	| NPRE	| NDCG1	| NDCG5	| NDCG10	| NDCG20	| NDCG50	| NDCG100	
Avg:	0.4410	0.4857	1.1920	0.3736	2.1840	0.6736	0.6966	0.7173	0.7510	0.7928	0.7893
Std:	0.0012	0.0011	0.0039	0.0022	0.0258	0.0069	0.0032	0.0023	0.0011	0.0010	0.0011

==========================================
Detailed results for 8 rounds:
0.4430	0.4876	1.1918	0.3767	2.2169	0.6689	0.6978	0.7185	0.7508	0.7938	0.7885
0.4421	0.4872	1.1924	0.3744	2.1755	0.6819	0.7003	0.7200	0.7521	0.7926	0.7895
0.4408	0.4858	1.1892	0.3748	2.2156	0.6646	0.6911	0.7120	0.7484	0.7909	0.7889
0.4385	0.4839	1.1834	0.3732	2.1602	0.6726	0.6950	0.7178	0.7516	0.7943	0.7916
0.4409	0.4856	1.1924	0.3734	2.2047	0.6818	0.6956	0.7172	0.7508	0.7936	0.7888
0.4414	0.4856	1.1953	0.3756	2.1950	0.6725	0.6976	0.7162	0.7516	0.7923	0.7886
0.4406	0.4848	1.1963	0.3720	2.1550	0.6817	0.7014	0.7196	0.7516	0.7925	0.7903
0.4410	0.4854	1.1953	0.3690	2.1493	0.6647	0.6938	0.7168	0.7510	0.7921	0.7882
