Metric: | MAE	| NMAE	| RMSE	| MRE	| NPRE	| NDCG1	| NDCG5	| NDCG10	| NDCG20	| NDCG50	| NDCG100	
Avg:	0.4250	0.4679	1.1559	0.3635	2.1070	0.6835	0.7021	0.7240	0.7586	0.8019	0.7988
Std:	0.0008	0.0008	0.0037	0.0014	0.0213	0.0103	0.0030	0.0028	0.0022	0.0017	0.0016

==========================================
Detailed results for 8 rounds:
0.4246	0.4674	1.1508	0.3635	2.1016	0.6880	0.7059	0.7286	0.7618	0.8059	0.8016
0.4256	0.4690	1.1544	0.3649	2.1137	0.6989	0.7074	0.7281	0.7618	0.8024	0.7990
0.4253	0.4687	1.1559	0.3626	2.1552	0.6897	0.7042	0.7242	0.7584	0.8020	0.7986
0.4240	0.4678	1.1509	0.3657	2.0919	0.6745	0.6984	0.7219	0.7563	0.7997	0.7998
0.4240	0.4668	1.1558	0.3642	2.1128	0.6687	0.7004	0.7201	0.7557	0.8011	0.7967
0.4254	0.4677	1.1623	0.3610	2.1086	0.6825	0.7003	0.7220	0.7574	0.8021	0.7964
0.4245	0.4673	1.1587	0.3641	2.0794	0.6717	0.7001	0.7226	0.7576	0.8004	0.7991
0.4264	0.4689	1.1586	0.3622	2.0927	0.6941	0.7001	0.7240	0.7595	0.8020	0.7994
