Metric: | MAE	| NMAE	| RMSE	| MRE	| NPRE	| NDCG1	| NDCG5	| NDCG10	| NDCG20	| NDCG50	| NDCG100	
Avg:	0.4680	0.5154	1.2608	0.3813	2.2554	0.6652	0.6797	0.7000	0.7321	0.7733	0.7702
Std:	0.0009	0.0009	0.0041	0.0024	0.0247	0.0142	0.0062	0.0049	0.0032	0.0017	0.0017

==========================================
Detailed results for 8 rounds:
0.4694	0.5169	1.2612	0.3845	2.2724	0.6522	0.6797	0.6983	0.7318	0.7713	0.7693
0.4692	0.5167	1.2630	0.3786	2.2410	0.6867	0.6872	0.7050	0.7327	0.7740	0.7737
0.4668	0.5146	1.2550	0.3817	2.2949	0.6460	0.6740	0.6947	0.7289	0.7707	0.7692
0.4670	0.5150	1.2559	0.3851	2.2310	0.6870	0.6912	0.7098	0.7394	0.7766	0.7717
0.4674	0.5152	1.2567	0.3817	2.2893	0.6544	0.6714	0.6939	0.7293	0.7735	0.7676
0.4675	0.5144	1.2669	0.3797	2.2494	0.6623	0.6782	0.6996	0.7336	0.7740	0.7702
0.4679	0.5148	1.2632	0.3814	2.2311	0.6687	0.6804	0.7002	0.7299	0.7734	0.7708
0.4686	0.5160	1.2643	0.3779	2.2339	0.6646	0.6756	0.6987	0.7309	0.7727	0.7695
