Metric: | MAE	| NMAE	| RMSE	| MRE	| NPRE	| NDCG1	| NDCG5	| NDCG10	| NDCG20	| NDCG50	| NDCG100	
Avg:	0.4363	0.4805	1.1880	0.3610	2.1122	0.6786	0.6972	0.7170	0.7503	0.7920	0.7881
Std:	0.0008	0.0008	0.0037	0.0025	0.0284	0.0071	0.0036	0.0032	0.0020	0.0016	0.0012

==========================================
Detailed results for 8 rounds:
0.4366	0.4806	1.1867	0.3622	2.1153	0.6784	0.6984	0.7184	0.7516	0.7937	0.7884
0.4364	0.4810	1.1874	0.3618	2.1048	0.6799	0.7028	0.7221	0.7532	0.7926	0.7886
0.4372	0.4819	1.1858	0.3639	2.1601	0.6716	0.6907	0.7114	0.7457	0.7883	0.7875
0.4346	0.4796	1.1809	0.3632	2.0923	0.6684	0.6986	0.7176	0.7507	0.7928	0.7900
0.4368	0.4811	1.1872	0.3616	2.1529	0.6859	0.6992	0.7190	0.7511	0.7934	0.7876
0.4365	0.4802	1.1929	0.3614	2.1113	0.6859	0.6950	0.7130	0.7501	0.7912	0.7872
0.4357	0.4793	1.1908	0.3587	2.0834	0.6878	0.6990	0.7185	0.7502	0.7926	0.7898
0.4364	0.4803	1.1921	0.3555	2.0771	0.6710	0.6938	0.7163	0.7503	0.7914	0.7862
