Metric: | MAE	| NMAE	| RMSE	| MRE	| NPRE	| NDCG1	| NDCG5	| NDCG10	| NDCG20	| NDCG50	| NDCG100	
Avg:	0.4204	0.4630	1.1536	0.3481	2.0295	0.6885	0.7020	0.7233	0.7571	0.7992	0.7957
Std:	0.0011	0.0008	0.0040	0.0010	0.0159	0.0096	0.0039	0.0029	0.0022	0.0007	0.0012

==========================================
Detailed results for 8 rounds:
0.4206	0.4630	1.1501	0.3496	2.0332	0.6761	0.6998	0.7210	0.7572	0.7999	0.7963
0.4203	0.4632	1.1539	0.3470	2.0187	0.7078	0.7083	0.7295	0.7616	0.7999	0.7957
0.4186	0.4614	1.1490	0.3464	2.0457	0.6859	0.7037	0.7242	0.7578	0.8001	0.7969
0.4194	0.4627	1.1484	0.3492	2.0215	0.6912	0.7020	0.7220	0.7552	0.7981	0.7967
0.4207	0.4631	1.1545	0.3484	2.0469	0.6845	0.6987	0.7216	0.7538	0.7981	0.7940
0.4222	0.4642	1.1605	0.3488	2.0475	0.6842	0.6949	0.7197	0.7551	0.7993	0.7935
0.4200	0.4623	1.1552	0.3481	1.9994	0.6983	0.7059	0.7258	0.7580	0.7987	0.7967
0.4218	0.4639	1.1574	0.3472	2.0228	0.6801	0.7030	0.7226	0.7577	0.7995	0.7959
