Metric: | MAE	| NMAE	| RMSE	| MRE	| NPRE	| NDCG1	| NDCG5	| NDCG10	| NDCG20	| NDCG50	| NDCG100	
Avg:	0.5373	0.5927	1.4142	0.4342	2.5353	0.6105	0.6355	0.6589	0.6920	0.7370	0.7376
Std:	0.0017	0.0021	0.0054	0.0026	0.0286	0.0222	0.0119	0.0097	0.0071	0.0042	0.0033

==========================================
Detailed results for 8 rounds:
0.5381	0.5933	1.4192	0.4343	2.5141	0.6139	0.6421	0.6637	0.6957	0.7354	0.7401
0.5388	0.5942	1.4143	0.4370	2.5646	0.5669	0.6119	0.6440	0.6837	0.7325	0.7338
0.5368	0.5925	1.4060	0.4306	2.5969	0.5997	0.6268	0.6486	0.6860	0.7381	0.7367
0.5406	0.5968	1.4225	0.4385	2.5210	0.6203	0.6420	0.6635	0.6921	0.7349	0.7328
0.5346	0.5898	1.4068	0.4304	2.5340	0.5937	0.6263	0.6486	0.6821	0.7314	0.7354
0.5357	0.5903	1.4180	0.4344	2.5049	0.6364	0.6510	0.6728	0.7042	0.7425	0.7415
0.5367	0.5914	1.4132	0.4353	2.5192	0.6397	0.6436	0.6656	0.6969	0.7441	0.7426
0.5375	0.5931	1.4136	0.4332	2.5279	0.6134	0.6400	0.6647	0.6952	0.7374	0.7382
