Metric: | MAE	| NMAE	| RMSE	| MRE	| NPRE	| NDCG1	| NDCG5	| NDCG10	| NDCG20	| NDCG50	| NDCG100	
Avg:	0.4269	0.4701	1.1639	0.3629	2.1364	0.6900	0.7028	0.7232	0.7572	0.7984	0.7962
Std:	0.0013	0.0015	0.0034	0.0030	0.0240	0.0075	0.0038	0.0034	0.0030	0.0018	0.0016

==========================================
Detailed results for 8 rounds:
0.4267	0.4698	1.1600	0.3611	2.1400	0.7002	0.7060	0.7264	0.7607	0.8019	0.7981
0.4302	0.4740	1.1660	0.3703	2.1778	0.6935	0.7064	0.7262	0.7593	0.7983	0.7960
0.4263	0.4699	1.1608	0.3623	2.1626	0.6964	0.7068	0.7250	0.7594	0.7995	0.7973
0.4257	0.4696	1.1586	0.3632	2.1152	0.6884	0.6980	0.7204	0.7537	0.7955	0.7963
0.4256	0.4686	1.1635	0.3629	2.1403	0.6774	0.6987	0.7178	0.7518	0.7968	0.7940
0.4268	0.4692	1.1684	0.3613	2.1407	0.6805	0.6973	0.7186	0.7550	0.7983	0.7936
0.4268	0.4698	1.1675	0.3626	2.1075	0.6961	0.7053	0.7250	0.7585	0.7979	0.7974
0.4273	0.4700	1.1661	0.3593	2.1070	0.6874	0.7040	0.7261	0.7593	0.7992	0.7973
