Metric: | MAE	| NMAE	| RMSE	| MRE	| NPRE	| NDCG1	| NDCG5	| NDCG10	| NDCG20	| NDCG50	| NDCG100	
Avg:	0.4405	0.4850	1.2108	0.3583	2.2317	0.6757	0.6919	0.7093	0.7415	0.7809	0.7810
Std:	0.0005	0.0003	0.0039	0.0014	0.0190	0.0042	0.0040	0.0036	0.0025	0.0023	0.0013

==========================================
Detailed results for 8 rounds:
0.4407	0.4852	1.2069	0.3584	2.2466	0.6755	0.6956	0.7121	0.7445	0.7848	0.7820
0.4405	0.4854	1.2099	0.3598	2.2357	0.6755	0.6927	0.7083	0.7404	0.7800	0.7804
0.4401	0.4851	1.2090	0.3570	2.2560	0.6703	0.6877	0.7064	0.7403	0.7794	0.7809
0.4395	0.4848	1.2052	0.3602	2.2187	0.6804	0.6951	0.7131	0.7437	0.7813	0.7830
0.4409	0.4854	1.2102	0.3595	2.2514	0.6833	0.6914	0.7075	0.7376	0.7812	0.7802
0.4413	0.4851	1.2178	0.3571	2.2342	0.6712	0.6841	0.7026	0.7387	0.7765	0.7784
0.4402	0.4846	1.2123	0.3585	2.2120	0.6726	0.6911	0.7103	0.7425	0.7808	0.7813
0.4408	0.4848	1.2151	0.3560	2.1985	0.6769	0.6971	0.7140	0.7447	0.7830	0.7815
