Metric: | MAE	| NMAE	| RMSE	| MRE	| NPRE	| NDCG1	| NDCG5	| NDCG10	| NDCG20	| NDCG50	| NDCG100	
Avg:	0.4347	0.4787	1.1662	0.3820	2.1869	0.6826	0.6985	0.7208	0.7566	0.8017	0.7984
Std:	0.0012	0.0013	0.0027	0.0020	0.0249	0.0105	0.0037	0.0031	0.0023	0.0017	0.0011

==========================================
Detailed results for 8 rounds:
0.4332	0.4769	1.1650	0.3791	2.1686	0.6865	0.6976	0.7202	0.7564	0.8023	0.7991
0.4361	0.4805	1.1661	0.3842	2.2039	0.7000	0.6998	0.7222	0.7568	0.8008	0.7976
0.4353	0.4799	1.1698	0.3818	2.2178	0.6837	0.6969	0.7187	0.7546	0.8000	0.7968
0.4329	0.4776	1.1602	0.3827	2.1638	0.6597	0.6927	0.7166	0.7532	0.7988	0.7988
0.4349	0.4787	1.1653	0.3851	2.2236	0.6817	0.7027	0.7239	0.7583	0.8047	0.7984
0.4346	0.4778	1.1683	0.3826	2.1887	0.6818	0.6933	0.7166	0.7544	0.8019	0.7973
0.4341	0.4779	1.1677	0.3789	2.1487	0.6799	0.7027	0.7241	0.7591	0.8017	0.7995
0.4365	0.4801	1.1673	0.3821	2.1802	0.6876	0.7019	0.7244	0.7599	0.8032	0.8000
