Metric: | MAE	| NMAE	| RMSE	| MRE	| NPRE	| NDCG1	| NDCG5	| NDCG10	| NDCG20	| NDCG50	| NDCG100	
Avg:	0.4537	0.4995	1.2442	0.3659	2.3052	0.6621	0.6775	0.6946	0.7275	0.7676	0.7701
Std:	0.0006	0.0004	0.0041	0.0014	0.0183	0.0064	0.0049	0.0043	0.0019	0.0024	0.0010

==========================================
Detailed results for 8 rounds:
0.4539	0.4997	1.2404	0.3661	2.3195	0.6676	0.6766	0.6947	0.7279	0.7692	0.7698
0.4538	0.5001	1.2433	0.3672	2.3140	0.6660	0.6772	0.6918	0.7263	0.7661	0.7702
0.4530	0.4994	1.2420	0.3638	2.3225	0.6576	0.6725	0.6906	0.7269	0.7672	0.7695
0.4525	0.4992	1.2383	0.3673	2.2950	0.6649	0.6805	0.6997	0.7303	0.7685	0.7713
0.4544	0.5003	1.2435	0.3680	2.3272	0.6667	0.6816	0.6951	0.7251	0.7695	0.7691
0.4543	0.4994	1.2513	0.3647	2.3058	0.6561	0.6689	0.6879	0.7253	0.7623	0.7685
0.4532	0.4989	1.2454	0.3654	2.2855	0.6495	0.6767	0.6947	0.7277	0.7678	0.7710
0.4540	0.4993	1.2494	0.3644	2.2718	0.6682	0.6856	0.7018	0.7305	0.7702	0.7711
