Metric: | MAE	| NMAE	| RMSE	| MRE	| NPRE	| NDCG1	| NDCG5	| NDCG10	| NDCG20	| NDCG50	| NDCG100	
Avg:	0.4906	0.5403	1.3449	0.3913	2.3813	0.6318	0.6491	0.6716	0.7055	0.7480	0.7525
Std:	0.0012	0.0011	0.0055	0.0019	0.0196	0.0110	0.0087	0.0053	0.0034	0.0021	0.0016

==========================================
Detailed results for 8 rounds:
0.4922	0.5419	1.3477	0.3909	2.3953	0.6473	0.6575	0.6743	0.7089	0.7486	0.7538
0.4918	0.5416	1.3457	0.3943	2.3903	0.6312	0.6355	0.6651	0.6992	0.7455	0.7510
0.4901	0.5402	1.3396	0.3913	2.4128	0.6210	0.6458	0.6694	0.7052	0.7472	0.7528
0.4894	0.5398	1.3393	0.3940	2.3759	0.6273	0.6478	0.6728	0.7026	0.7471	0.7508
0.4883	0.5382	1.3370	0.3885	2.3891	0.6205	0.6413	0.6647	0.7035	0.7486	0.7522
0.4912	0.5404	1.3547	0.3902	2.3829	0.6247	0.6455	0.6690	0.7065	0.7452	0.7508
0.4903	0.5394	1.3473	0.3909	2.3487	0.6521	0.6640	0.6812	0.7094	0.7521	0.7558
0.4915	0.5412	1.3477	0.3900	2.3557	0.6306	0.6554	0.6766	0.7087	0.7495	0.7529
