Metric: | MAE	| NMAE	| RMSE	| MRE	| NPRE	| NDCG1	| NDCG5	| NDCG10	| NDCG20	| NDCG50	| NDCG100	
Avg:	0.5468	0.6031	1.4294	0.4449	2.5956	0.6478	0.6468	0.6630	0.6899	0.7261	0.7217
Std:	0.0028	0.0032	0.0062	0.0033	0.0386	0.0198	0.0077	0.0072	0.0065	0.0060	0.0041

==========================================
Detailed results for 8 rounds:
0.5504	0.6069	1.4372	0.4468	2.5944	0.6230	0.6377	0.6549	0.6837	0.7227	0.7219
0.5484	0.6048	1.4302	0.4463	2.6454	0.6222	0.6414	0.6611	0.6917	0.7287	0.7213
0.5474	0.6042	1.4240	0.4460	2.6577	0.6486	0.6391	0.6518	0.6781	0.7168	0.7156
0.5513	0.6086	1.4400	0.4493	2.6205	0.6618	0.6441	0.6627	0.6881	0.7194	0.7149
0.5439	0.6001	1.4203	0.4426	2.5745	0.6334	0.6430	0.6602	0.6886	0.7236	0.7227
0.5450	0.6005	1.4307	0.4451	2.5644	0.6845	0.6559	0.6719	0.6966	0.7313	0.7262
0.5440	0.5994	1.4278	0.4455	2.5569	0.6513	0.6551	0.6684	0.6926	0.7321	0.7255
0.5443	0.6006	1.4249	0.4377	2.5506	0.6580	0.6583	0.6732	0.6998	0.7341	0.7259
