Metric: | MAE	| NMAE	| RMSE	| MRE	| NPRE	| NDCG1	| NDCG5	| NDCG10	| NDCG20	| NDCG50	| NDCG100	
Avg:	0.4747	0.5229	1.2972	0.3831	2.3196	0.6620	0.6736	0.6924	0.7244	0.7635	0.7648
Std:	0.0012	0.0012	0.0047	0.0025	0.0223	0.0072	0.0058	0.0048	0.0037	0.0024	0.0011

==========================================
Detailed results for 8 rounds:
0.4765	0.5247	1.2985	0.3839	2.3423	0.6628	0.6765	0.6946	0.7273	0.7635	0.7648
0.4763	0.5246	1.2997	0.3843	2.3253	0.6617	0.6626	0.6852	0.7170	0.7587	0.7633
0.4738	0.5223	1.2917	0.3838	2.3541	0.6493	0.6712	0.6903	0.7217	0.7617	0.7641
0.4746	0.5234	1.2931	0.3880	2.3179	0.6704	0.6802	0.6986	0.7267	0.7652	0.7648
0.4725	0.5209	1.2903	0.3814	2.3288	0.6539	0.6691	0.6863	0.7228	0.7651	0.7644
0.4747	0.5222	1.3050	0.3823	2.3142	0.6604	0.6710	0.6912	0.7263	0.7620	0.7640
0.4747	0.5222	1.3004	0.3824	2.2895	0.6720	0.6803	0.6941	0.7233	0.7664	0.7661
0.4746	0.5226	1.2988	0.3789	2.2848	0.6654	0.6783	0.6991	0.7298	0.7656	0.7671
