Metric: | MAE	| NMAE	| RMSE	| MRE	| NPRE	| NDCG1	| NDCG5	| NDCG10	| NDCG20	| NDCG50	| NDCG100	
Avg:	0.5250	0.5790	1.4340	0.4161	2.3888	0.6383	0.6486	0.6672	0.6961	0.7371	0.7385
Std:	0.0017	0.0020	0.0058	0.0019	0.0287	0.0167	0.0073	0.0047	0.0033	0.0032	0.0027

==========================================
Detailed results for 8 rounds:
0.5283	0.5825	1.4427	0.4177	2.3886	0.6447	0.6555	0.6717	0.6964	0.7339	0.7395
0.5244	0.5783	1.4309	0.4165	2.4137	0.5989	0.6342	0.6591	0.6914	0.7358	0.7362
0.5256	0.5801	1.4282	0.4161	2.4505	0.6327	0.6443	0.6625	0.6929	0.7346	0.7355
0.5264	0.5811	1.4389	0.4185	2.3911	0.6545	0.6531	0.6685	0.6955	0.7343	0.7349
0.5222	0.5762	1.4244	0.4137	2.3766	0.6334	0.6453	0.6641	0.6955	0.7361	0.7385
0.5237	0.5770	1.4369	0.4135	2.3615	0.6510	0.6586	0.6746	0.7034	0.7416	0.7428
0.5246	0.5780	1.4381	0.4181	2.3600	0.6502	0.6525	0.6688	0.6971	0.7430	0.7420
0.5248	0.5791	1.4314	0.4143	2.3680	0.6412	0.6456	0.6682	0.6968	0.7372	0.7390
