Metric: | MAE	| NMAE	| RMSE	| MRE	| NPRE	| NDCG1	| NDCG5	| NDCG10	| NDCG20	| NDCG50	| NDCG100	
Avg:	0.6303	0.6952	1.7715	0.5035	2.2508	0.5517	0.5790	0.6014	0.6330	0.6814	0.6849
Std:	0.0019	0.0021	0.0059	0.0026	0.0196	0.0274	0.0129	0.0135	0.0117	0.0068	0.0045

==========================================
Detailed results for 8 rounds:
0.6312	0.6960	1.7784	0.5031	2.2515	0.5344	0.5899	0.6081	0.6435	0.6698	0.6819
0.6272	0.6917	1.7635	0.5029	2.2548	0.5238	0.5719	0.5905	0.6216	0.6783	0.6820
0.6323	0.6980	1.7715	0.5080	2.2908	0.5456	0.5893	0.6115	0.6417	0.6800	0.6860
0.6295	0.6949	1.7720	0.5019	2.2458	0.5324	0.5525	0.5809	0.6208	0.6763	0.6828
0.6286	0.6935	1.7652	0.5013	2.2617	0.5213	0.5808	0.6038	0.6275	0.6826	0.6837
0.6293	0.6934	1.7710	0.4997	2.2337	0.5827	0.5934	0.6268	0.6556	0.6934	0.6946
0.6336	0.6980	1.7822	0.5070	2.2191	0.5972	0.5853	0.5989	0.6282	0.6883	0.6797
0.6305	0.6957	1.7678	0.5038	2.2488	0.5759	0.5692	0.5905	0.6249	0.6826	0.6889
