Metric: | MAE	| NMAE	| RMSE	| MRE	| NPRE	| NDCG1	| NDCG5	| NDCG10	| NDCG20	| NDCG50	| NDCG100	
Avg:	0.4731	0.5211	1.2699	0.3932	2.3287	0.6691	0.6822	0.7010	0.7330	0.7717	0.7698
Std:	0.0018	0.0019	0.0050	0.0026	0.0262	0.0091	0.0059	0.0044	0.0035	0.0021	0.0012

==========================================
Detailed results for 8 rounds:
0.4755	0.5236	1.2695	0.3968	2.3517	0.6765	0.6877	0.7044	0.7356	0.7727	0.7708
0.4764	0.5246	1.2756	0.3937	2.3341	0.6752	0.6811	0.6974	0.7286	0.7682	0.7694
0.4719	0.5202	1.2632	0.3944	2.3805	0.6652	0.6756	0.6976	0.7296	0.7694	0.7689
0.4722	0.5208	1.2645	0.3964	2.3132	0.6765	0.6905	0.7086	0.7385	0.7754	0.7713
0.4707	0.5188	1.2639	0.3922	2.3373	0.6554	0.6769	0.6974	0.7319	0.7713	0.7676
0.4722	0.5195	1.2758	0.3918	2.3096	0.6819	0.6903	0.7052	0.7366	0.7732	0.7710
0.4731	0.5205	1.2732	0.3919	2.3085	0.6629	0.6762	0.6957	0.7294	0.7718	0.7691
0.4730	0.5208	1.2732	0.3882	2.2943	0.6589	0.6796	0.7015	0.7340	0.7720	0.7700
