Metric: | MAE	| NMAE	| RMSE	| MRE	| NPRE	| NDCG1	| NDCG5	| NDCG10	| NDCG20	| NDCG50	| NDCG100	
Avg:	0.5739	0.6330	1.5870	0.4604	2.4070	0.5873	0.6081	0.6313	0.6648	0.7089	0.7169
Std:	0.0017	0.0019	0.0051	0.0026	0.0221	0.0289	0.0112	0.0092	0.0078	0.0054	0.0047

==========================================
Detailed results for 8 rounds:
0.5752	0.6343	1.5931	0.4599	2.3991	0.5993	0.6157	0.6349	0.6705	0.7093	0.7178
0.5732	0.6321	1.5826	0.4617	2.4282	0.5262	0.5915	0.6229	0.6624	0.7047	0.7102
0.5752	0.6349	1.5843	0.4624	2.4523	0.5641	0.6056	0.6271	0.6626	0.7029	0.7121
0.5746	0.6343	1.5905	0.4602	2.4013	0.5949	0.5910	0.6182	0.6534	0.7042	0.7113
0.5716	0.6307	1.5799	0.4581	2.4088	0.5864	0.6073	0.6272	0.6592	0.7055	0.7184
0.5713	0.6295	1.5859	0.4555	2.3783	0.6081	0.6246	0.6499	0.6805	0.7178	0.7234
0.5762	0.6349	1.5956	0.4647	2.3851	0.6292	0.6166	0.6380	0.6693	0.7173	0.7210
0.5742	0.6335	1.5845	0.4608	2.4033	0.5904	0.6128	0.6318	0.6608	0.7093	0.7209
