Metric: | MAE	| NMAE	| RMSE	| MRE	| NPRE	| NDCG1	| NDCG5	| NDCG10	| NDCG20	| NDCG50	| NDCG100	
Avg:	0.4821	0.5309	1.3201	0.3856	2.3940	0.6365	0.6541	0.6742	0.7063	0.7488	0.7536
Std:	0.0009	0.0007	0.0049	0.0016	0.0190	0.0115	0.0073	0.0051	0.0022	0.0020	0.0016

==========================================
Detailed results for 8 rounds:
0.4835	0.5322	1.3206	0.3864	2.4106	0.6404	0.6623	0.6725	0.7062	0.7497	0.7530
0.4819	0.5310	1.3165	0.3886	2.3997	0.6248	0.6533	0.6763	0.7068	0.7501	0.7544
0.4813	0.5304	1.3161	0.3841	2.4086	0.6449	0.6508	0.6736	0.7078	0.7497	0.7553
0.4805	0.5302	1.3118	0.3876	2.3913	0.6483	0.6607	0.6792	0.7097	0.7507	0.7556
0.4826	0.5315	1.3203	0.3847	2.4160	0.6119	0.6413	0.6648	0.7016	0.7471	0.7511
0.4831	0.5314	1.3287	0.3846	2.3983	0.6356	0.6456	0.6688	0.7049	0.7443	0.7524
0.4818	0.5301	1.3234	0.3844	2.3632	0.6437	0.6618	0.6806	0.7067	0.7492	0.7552
0.4822	0.5307	1.3232	0.3843	2.3639	0.6426	0.6572	0.6779	0.7067	0.7500	0.7518
