Metric: | MAE	| NMAE	| RMSE	| MRE	| NPRE	| NDCG1	| NDCG5	| NDCG10	| NDCG20	| NDCG50	| NDCG100	
Avg:	0.6044	0.6666	1.6830	0.4861	2.3628	0.5609	0.5896	0.6139	0.6475	0.6937	0.7030
Std:	0.0021	0.0024	0.0057	0.0032	0.0237	0.0278	0.0117	0.0107	0.0101	0.0058	0.0044

==========================================
Detailed results for 8 rounds:
0.6049	0.6670	1.6888	0.4853	2.3526	0.5428	0.5984	0.6193	0.6545	0.6898	0.7028
0.6026	0.6645	1.6768	0.4864	2.3749	0.5207	0.5787	0.6083	0.6402	0.6889	0.6962
0.6070	0.6700	1.6827	0.4908	2.4154	0.5388	0.5904	0.6149	0.6498	0.6892	0.7009
0.6042	0.6670	1.6850	0.4849	2.3602	0.5731	0.5646	0.5950	0.6353	0.6882	0.6972
0.6015	0.6637	1.6753	0.4829	2.3626	0.5472	0.5930	0.6170	0.6405	0.6935	0.7061
0.6020	0.6632	1.6813	0.4809	2.3348	0.5723	0.6044	0.6349	0.6697	0.7047	0.7085
0.6077	0.6696	1.6936	0.4908	2.3368	0.6161	0.5960	0.6139	0.6473	0.7013	0.7044
0.6052	0.6678	1.6806	0.4867	2.3649	0.5759	0.5914	0.6078	0.6428	0.6941	0.7080
