Metric: | MAE	| NMAE	| RMSE	| MRE	| NPRE	| NDCG1	| NDCG5	| NDCG10	| NDCG20	| NDCG50	| NDCG100	
Avg:	0.5485	0.6040	1.7268	0.4764	2.7951	0.6132	0.6472	0.6739	0.7147	0.7709	0.7707
Std:	0.0062	0.0068	0.0553	0.0046	0.0399	0.0195	0.0103	0.0081	0.0059	0.0044	0.0036

==========================================
Detailed results for 8 rounds:
0.5460	0.6010	1.7146	0.4743	2.7734	0.6214	0.6606	0.6844	0.7200	0.7768	0.7767
0.5528	0.6092	1.8109	0.4753	2.7594	0.6079	0.6315	0.6618	0.7042	0.7624	0.7649
0.5579	0.6149	1.7876	0.4820	2.8912	0.6462	0.6520	0.6777	0.7176	0.7718	0.7687
0.5425	0.5985	1.7299	0.4675	2.7675	0.5857	0.6336	0.6635	0.7080	0.7673	0.7708
0.5372	0.5914	1.6378	0.4780	2.7658	0.6031	0.6429	0.6714	0.7153	0.7732	0.7731
0.5471	0.6014	1.6547	0.4835	2.8000	0.6380	0.6591	0.6822	0.7227	0.7753	0.7734
0.5521	0.6077	1.7323	0.4754	2.8059	0.5940	0.6537	0.6807	0.7180	0.7719	0.7711
0.5524	0.6076	1.7467	0.4751	2.7974	0.6089	0.6444	0.6695	0.7119	0.7688	0.7669
