Metric: | MAE	| NMAE	| RMSE	| MRE	| NPRE	| NDCG1	| NDCG5	| NDCG10	| NDCG20	| NDCG50	| NDCG100	
Avg:	0.6051	0.6664	1.8596	0.5158	3.1186	0.5752	0.6007	0.6324	0.6767	0.7375	0.7423
Std:	0.0048	0.0055	0.0379	0.0055	0.0389	0.0285	0.0094	0.0075	0.0053	0.0037	0.0026

==========================================
Detailed results for 8 rounds:
0.6016	0.6622	1.8287	0.5130	3.0958	0.5699	0.6023	0.6297	0.6720	0.7327	0.7407
0.6059	0.6677	1.8809	0.5115	3.1035	0.5943	0.6046	0.6327	0.6761	0.7381	0.7430
0.6019	0.6633	1.8712	0.5119	3.0905	0.6209	0.6177	0.6484	0.6896	0.7459	0.7468
0.6119	0.6752	1.9358	0.5138	3.1553	0.5891	0.6010	0.6313	0.6733	0.7359	0.7426
0.6027	0.6637	1.8493	0.5105	3.1021	0.5614	0.5973	0.6313	0.6767	0.7381	0.7430
0.6055	0.6661	1.8178	0.5273	3.2001	0.5452	0.5841	0.6219	0.6721	0.7338	0.7373
0.6130	0.6744	1.8775	0.5175	3.1294	0.5942	0.6068	0.6379	0.6787	0.7372	0.7411
0.5982	0.6584	1.8152	0.5212	3.0721	0.5265	0.5920	0.6263	0.6748	0.7384	0.7443
