Metric: | MAE	| NMAE	| RMSE	| MRE	| NPRE	| NDCG1	| NDCG5	| NDCG10	| NDCG20	| NDCG50	| NDCG100	
Avg:	0.4436	0.4886	1.2087	0.3688	2.2088	0.6807	0.6955	0.7151	0.7468	0.7868	0.7849
Std:	0.0012	0.0011	0.0044	0.0023	0.0285	0.0087	0.0042	0.0029	0.0016	0.0015	0.0007

==========================================
Detailed results for 8 rounds:
0.4454	0.4902	1.2082	0.3707	2.2453	0.6729	0.6945	0.7170	0.7475	0.7883	0.7845
0.4444	0.4897	1.2085	0.3712	2.2027	0.6919	0.7044	0.7194	0.7488	0.7866	0.7857
0.4435	0.4888	1.2056	0.3697	2.2457	0.6894	0.6919	0.7109	0.7437	0.7837	0.7852
0.4409	0.4866	1.1997	0.3693	2.1833	0.6677	0.6928	0.7144	0.7473	0.7870	0.7858
0.4439	0.4888	1.2084	0.3691	2.2359	0.6757	0.6928	0.7130	0.7454	0.7880	0.7838
0.4443	0.4887	1.2146	0.3700	2.2082	0.6920	0.6913	0.7115	0.7455	0.7852	0.7840
0.4433	0.4877	1.2133	0.3670	2.1780	0.6764	0.6986	0.7164	0.7474	0.7872	0.7852
0.4435	0.4881	1.2114	0.3635	2.1711	0.6793	0.6972	0.7178	0.7485	0.7880	0.7847
